889 0.221555555556 17.0297222222 144.0 0.31 106.0 30.69 0.0 0.001 0.001 -3.44
1525 0.40075 16.4863888889 369.6 0.64 55.0 31.21 0.0 0.001 0.16 -2.92
1665 0.450805555556 11.5838888889 188.4 0.34 23.0 32.06 0.0 31.84 0.21 -2.73
2526 0.704194444444 -18.1611111111 201.6 0.3 75.0 31.13 0.0 0.001 0.17 -3.21
2805 0.796527777778 -9.89944444444 188.4 0.43 84.0 0.0 0.0 0.001 0.001 -3.04
3743 1.04761111111 -65.61 195.6 0.41 145.0 32.12 0.0 31.91 0.2 -2.77
4063 1.14361111111 1.64138888889 279.0 0.3 118.0 32.13 0.0 0.001 0.11 -2.94
5218 1.41275 9.995 157.8 0.35 33.0 33.09 0.0 33.09 0.001 -2.88
6699 1.82538888889 32.5888888889 349.2 0.65 38.0 28.45 28.47 0.001 0.001 -2.52
9028 2.375 -0.6175 141.0 0.22 43.0 31.82 0.0 0.001 0.001 -3.58
9510 2.49838888889 25.2563888889 127.8 0.27 20.0 32.49 0.0 32.31 0.18 -3.3
9888 2.60452777778 25.4236111111 356.4 0.78 133.0 30.83 0.0 0.001 0.24 -2.45
9962 2.63002777778 -61.3383333333 347.4 0.61 42.0 28.18 28.45 0.001 0.001 -2.44
10673 2.81927777778 -7.8375 186.0 0.35 18.0 31.19 0.0 0.001 0.2 -3.08
10956 2.90738888889 42.65 145.8 0.15 125.0 33.11 0.001 33.11 0.001 -3.22
10965 2.90947222222 -18.6352777778 222.0 0.45 58.0 32.0 0.0 31.97 0.2 -2.93
11282 2.98097222222 75.7444444444 262.2 0.34 10.0 32.58 0.0 32.58 0.001 -2.23
11359 3.00613888889 -17.1530555556 174.6 0.37 143.0 32.69 0.0 32.39 0.19 -3.19
11368 3.01002777778 49.0430555556 142.2 0.17 62.0 32.55 0.0 32.33 0.001 -2.63
12798 3.42361111111 -16.235 193.8 0.28 10.0 31.91 0.0 31.91 0.001 -3.16
13646 3.71552777778 -12.9161111111 205.2 0.32 34.0 31.8 0.001 32.32 0.001 -2.65
14824 4.29847222222 -55.9319444444 195.6 0.44 19.0 31.27 0.0 31.28 0.001 -3.19
15967 4.77105555556 76.4188888889 275.4 0.63 74.0 31.72 0.0 0.001 0.21 -3.0
16144 4.84561111111 -5.41861111111 139.2 0.29 96.0 32.72 0.001 32.72 0.001 -2.69
16772 5.12552777778 -11.6525 135.6 0.17 179.0 32.43 0.001 32.44 0.001 -2.93
17174 5.36338888889 -23.81 184.8 0.35 61.0 31.6 0.001 32.42 0.001 -2.7
17217 5.38738888889 -11.425 103.2 0.2 47.0 33.04 0.001 33.04 0.001 -3.15
17969 5.84094444444 -19.7263888889 134.4 0.27 106.0 32.51 0.0 32.51 0.001 -3.02
18369 6.07427777778 -20.3538888889 114.0 0.21 14.0 33.05 0.001 33.06 0.001 -3.01
18437 6.12494444444 -61.8069444444 261.0 0.52 41.0 31.31 0.0 31.09 0.19 -2.86
20526 7.26513888889 67.9838888889 121.2 0.22 19.0 32.07 0.001 32.15 0.001 -3.17
20592 7.29466666667 23.3569444444 255.6 0.35 118.0 32.24 0.0 32.08 0.16 -2.76
20835 7.372 17.2869444444 100.8 0.21 98.0 32.86 0.001 32.84 0.001 -2.99
20903 7.394 -30.0511111111 157.8 0.35 56.0 32.5 0.0 32.55 0.2 -2.64
21338 7.58519444444 -46.9261111111 198.0 0.45 127.0 32.6 0.0 32.49 0.2 -2.7
21690 7.744 -58.1538888889 141.0 0.27 106.0 32.82 0.0 32.59 0.2 -2.89
22272 7.94838888889 -24.9061111111 152.4 0.31 55.0 31.87 0.001 32.05 0.001 -2.47
22338 7.97086111111 -49.8505555556 363.6 0.7 152.0 30.63 0.0 0.001 0.12 -2.43
22446 8.00652777778 42.1922222222 151.2 0.34 8.0 0.0 0.0 0.001 0.001 -3.52
22640 8.07186111111 84.6416666667 149.4 0.32 77.0 32.41 0.001 32.51 0.001 -3.03
23071 8.23319444444 45.7427777778 310.2 0.58 173.0 30.68 0.0 0.001 0.13 -2.87
23109 8.24425 -31.3480555556 135.6 0.31 9.0 31.87 0.001 32.6 0.001 -3.16
23643 8.43 28.1180555556 121.2 0.21 154.0 32.8 0.001 33.46 0.001 -3.34
24398 8.68066666667 -32.0461111111 141.0 0.17 129.0 32.72 0.001 32.76 0.001 -2.05
24479 8.716 -20.0511111111 147.6 0.34 83.0 31.74 0.0 31.6 0.001 -3.74
24490 8.72133333333 13.0861111111 181.2 0.39 5.0 32.18 0.001 32.24 0.001 -2.97
25232 8.98361111111 39.2091666667 248.4 0.41 115.0 0.0 0.0 0.001 0.001 -3.29
25886 9.18038888889 -8.88944444444 390.0 0.69 32.0 32.02 0.0 32.02 0.001 -2.14
25926 9.19847222222 -20.1166666667 285.6 0.31 167.0 32.46 0.0 32.11 0.16 -2.35
26390 9.33266666667 37.1911111111 174.0 0.39 143.0 32.03 0.0 32.99 0.001 -3.3
26455 9.35 -33.1911111111 173.4 0.35 71.0 32.13 0.001 32.55 0.001 -3.17
26495 9.36272222222 39.5247222222 99.6 0.19 103.0 33.12 0.001 33.12 0.001 -3.34
26498 9.36252777778 64.2577777778 258.6 0.53 60.0 31.7 0.0 0.001 0.001 -2.67
28015 9.76902777778 -63.2722222222 105.6 0.17 65.0 0.0 0.0 0.001 0.001 -3.04
28098 9.78066666667 79.8108333333 149.4 0.22 78.0 31.88 0.0 32.47 0.13 -3.36
28136 9.79266666667 -2.0325 168.0 0.34 160.0 0.0 0.0 0.001 0.001 -3.5
28308 9.83733333333 -12.0569444444 110.4 0.22 126.0 33.17 0.001 33.17 0.001 -2.6
28517 9.89466666667 1.57944444444 342.6 0.63 113.0 31.42 0.0 31.17 0.16 -2.51
28741 9.95466666667 4.52805555556 106.2 0.15 18.0 32.63 0.001 32.58 0.001 -2.96
28840 9.98466666667 -30.25 195.6 0.44 153.0 32.59 0.0 31.53 0.21 -2.67
28909 9.99872222222 -29.6172222222 363.6 0.7 75.0 32.62 0.0 32.17 0.2 -2.23
29086 10.0433333333 -6.01361111111 258.6 0.3 14.0 30.07 0.0 0.001 0.001 -3.04
29096 10.0453055556 -42.09 148.8 0.28 116.0 0.0 0.0 0.001 0.001 -2.8
29472 10.136 53.0838888889 302.4 0.67 132.0 32.06 0.0 30.97 0.001 -2.88
29716 10.2053055556 -47.295 190.2 0.27 109.0 32.28 0.0 32.09 0.12 -2.7
29743 10.2133055556 -27.8411111111 173.4 0.28 138.0 32.68 0.0 32.4 0.27 -2.88
29865 10.2393333333 22.125 109.8 0.22 42.0 32.11 0.001 32.07 0.001 -3.31
30604 10.4281944444 11.7394444444 121.2 0.22 96.0 32.55 0.001 32.55 0.001 -2.86
30670 10.4413333333 20.2280555556 108.6 0.25 28.0 32.11 0.001 32.66 0.001 -3.08
30714 10.4503333333 28.6394444444 218.4 0.34 149.0 31.69 0.0 31.72 0.001 -3.46
31011 10.5126666667 73.885 97.2 0.22 152.0 33.0 0.001 33.0 0.001 -2.97
31037 10.5203333333 4.47305555556 218.4 0.47 169.0 31.84 0.0 0.001 0.18 -3.06
31302 10.5785277778 11.1975 171.6 0.34 152.0 32.28 0.0 32.58 0.15 -2.95
31590 10.6311111111 -30.6688888889 105.0 0.24 172.0 33.28 0.0 0.001 0.31 -9.99
31981 10.7273055556 -28.8661111111 91.8 0.21 50.0 33.52 0.0 0.001 0.21 -2.68
32153 10.77 1.81277777778 302.4 0.67 159.0 31.07 0.0 30.8 0.19 -2.66
32540 10.8555277778 14.0233333333 117.6 0.24 136.0 33.38 0.0 0.001 0.19 -3.24
32548 10.8566666667 -10.1338888889 108.6 0.11 150.0 32.82 0.001 32.98 0.001 -3.66
32550 10.8566666667 -19.89 255.6 0.48 151.0 31.82 0.0 31.67 0.18 -2.76
32763 10.908 17.3438888889 168.0 0.36 116.0 31.6 0.0 31.57 0.001 -3.08
33188 11.0113333333 61.3211111111 130.8 0.16 126.0 32.28 0.0 0.001 0.15 -3.32
33343 11.0464722222 17.9894444444 285.6 0.54 27.0 31.98 0.0 31.57 0.16 -2.86
34147 11.2191111111 -69.2677777778 211.8 0.44 170.0 0.0 0.0 0.001 0.001 -2.86
34869 11.3693333333 69.6338888889 159.0 0.35 140.0 31.8 0.0 31.77 0.19 -3.03
35521 11.5229444444 23.1155555556 142.2 0.12 79.0 33.1 0.0 0.001 0.2 -3.07
35991 11.6273333333 16.555 191.4 0.39 134.0 31.67 0.0 31.7 0.22 -3.25
36343 11.7076111111 51.5975 222.0 0.45 86.0 31.17 0.0 31.84 0.14 -3.13
36932 11.8232777778 26.7408333333 145.8 0.31 1.0 31.76 0.001 32.04 0.001 -3.0
36973 11.8353333333 51.8552777778 149.4 0.24 159.0 31.17 0.0 31.86 0.18 -3.67
37243 11.884 -36.6388888889 146.4 0.31 69.0 32.0 0.001 32.27 0.001 -2.48
37906 12.0186944444 -24.5669444444 145.2 0.31 131.0 31.53 0.0 30.98 0.2 -3.23
37912 12.0193333333 14.1038888889 174.6 0.34 145.0 31.13 0.001 31.72 0.001 -2.95
38347 12.0986666667 77.5052777778 161.4 0.38 70.0 32.09 0.001 32.27 0.001 -3.19
38536 12.1376944444 -32.01 114.0 0.24 159.0 32.08 0.0 0.001 0.001 -3.31
38567 12.145 36.8030555556 312.6 0.67 83.0 30.25 0.0 0.001 0.27 -2.98
38628 12.1566944444 -28.8011111111 103.2 0.2 139.0 32.08 0.001 32.68 0.001 -3.36
38680 12.1626111111 62.2683333333 139.2 0.25 166.0 31.96 0.0 33.28 0.16 -2.98
38748 12.1766666667 18.8288888889 195.0 0.28 12.0 32.32 0.0 32.32 0.001 -3.18
38795 12.1846666667 50.4852777778 477.0 1.06 65.0 31.17 0.0 30.61 0.19 -2.17
38841 12.1953055556 -38.5488888889 103.2 0.23 72.0 0.0 0.0 0.001 0.001 -2.77
38897 12.2058055556 29.2077777778 302.4 0.69 135.0 31.06 0.0 0.001 0.001 -2.76
38988 12.2215277778 43.6977777778 376.2 0.67 165.0 31.17 0.0 30.63 0.15 -2.69
39114 12.244 5.80666666667 255.6 0.6 36.0 32.49 0.0 31.8 0.2 -2.74
39233 12.2626666667 10.7 161.4 0.25 162.0 32.56 0.0 0.001 0.2 -3.15
39308 12.2729444444 13.3072222222 195.0 0.45 55.0 31.13 0.0 0.001 0.18 -3.08
39344 12.2783888889 46.0788888889 134.4 0.26 81.0 31.17 0.0 0.001 0.15 -3.7
39422 12.2916666667 37.8086111111 0.06 2.13 48.0 28.35 28.12 0.001 0.001 -1.74
39432 12.2927222222 22.5402777778 332.4 0.36 81.0 0.0 0.0 0.001 0.001 -3.05
39794 12.338 4.20194444444 124.2 0.2 16.0 32.49 0.0 0.001 0.15 -3.0
39819 12.3410555556 1.46805555556 119.4 0.15 146.0 31.23 0.001 31.97 0.001 -3.26
39886 12.3506666667 3.72222222222 295.8 0.47 2.0 32.49 0.0 32.74 0.17 -3.07
40201 12.388 11.3680555556 302.4 0.67 57.0 31.13 0.0 0.001 0.21 -2.77
40205 12.3871944444 28.8936111111 141.0 0.32 175.0 31.06 0.0 0.001 0.14 -3.34
40342 12.4041388889 8.5375 188.4 0.39 39.0 31.13 0.0 0.001 0.001 -3.12
40566 12.4286666667 7.21777777778 241.8 0.41 157.0 31.85 0.0 31.69 0.2 -3.02
40621 12.4326666667 3.42972222222 181.2 0.32 129.0 31.23 0.0 0.001 0.16 -2.94
41503 12.5316111111 -51.7486111111 157.8 0.25 30.0 0.0 0.0 0.001 0.001 -2.94
41599 12.5434722222 2.66138888889 151.2 0.25 37.0 31.23 0.0 0.001 0.2 -3.07
41618 12.546 0.114722222222 0.06 1.46 82.0 30.23 0.0 29.72 0.22 -1.95
42038 12.6058611111 25.985 0.06 1.85 135.0 30.77 31.21 0.001 0.22 -1.62
42045 12.6066666667 40.005 212.4 0.47 101.0 29.82 0.0 0.001 0.15 -3.24
42880 12.736 -36.5113888889 111.6 0.2 4.0 33.11 0.0 0.001 0.21 -3.19
43470 12.8441944444 1.46444444444 134.4 0.21 171.0 31.93 0.001 32.14 0.001 -3.01
43679 12.874 -9.75361111111 153.0 0.22 66.0 32.08 0.0 32.08 0.001 -3.06
44254 12.9533333333 -1.70694444444 147.6 0.34 138.0 32.55 0.001 32.55 0.001 -2.96
44358 12.963 -9.63388888889 225.6 0.32 118.0 30.92 0.0 31.34 0.001 -2.93
44961 13.0355277778 58.6997222222 235.2 0.32 31.0 31.35 0.0 0.001 0.19 -3.07
45084 13.0547222222 -17.4230555556 480.6 1.06 115.0 29.2 0.0 0.001 0.2 -2.91
45524 13.1376666667 -21.0022222222 102.0 0.11 175.0 31.34 0.0 0.001 0.17 -3.79
45573 13.1466944444 -43.6761111111 95.4 0.16 139.0 33.22 0.0 0.001 0.2 -3.42
45849 13.2032777778 44.0380555556 436.8 0.78 28.0 29.48 0.0 0.001 0.13 -2.45
45911 13.2180555556 -19.9772222222 211.8 0.5 1.0 32.36 0.0 32.21 0.2 -2.82
45952 13.2251944444 -19.5469444444 150.6 0.34 23.0 32.36 0.0 0.001 0.21 -2.56
46261 13.2853333333 -16.255 147.6 0.25 171.0 32.43 0.0 0.001 0.2 -3.66
46373 13.3096666667 -21.2991666667 112.8 0.17 60.0 31.34 0.001 32.46 0.001 -3.25
46441 13.3226666667 -14.8438888889 248.4 0.58 150.0 32.43 0.0 32.0 0.16 -2.51
46452 13.3246944444 -35.1019444444 118.2 0.17 11.0 32.7 0.0 32.87 0.2 -3.56
46650 13.3606111111 -77.5327777778 173.4 0.35 29.0 32.07 0.0 32.12 0.2 -2.74
47394 13.4968611111 -17.9658333333 594.6 1.23 126.0 31.67 0.0 31.67 0.001 -2.12
47788 13.5675277778 47.9138888889 214.8 0.45 168.0 29.48 0.0 0.001 0.001 -3.09
47847 13.5798055556 -45.5475 0.06 1.31 108.0 27.83 0.0 0.001 0.24 -1.79
49676 13.965 -29.3158333333 366.6 0.79 18.0 32.27 0.0 0.001 0.21 -2.16
49836 14.0033055556 -48.2688888889 141.0 0.28 35.0 32.39 0.0 32.12 0.2 -2.86
50676 14.1938611111 -1.15777777778 329.4 0.73 173.0 31.68 0.0 0.001 0.2 -2.56
50832 14.232 57.7711111111 136.2 0.31 134.0 32.23 0.0 0.001 0.001 -3.04
50942 14.2595277778 36.2266666667 382.8 0.69 112.0 32.78 0.0 32.96 0.14 -2.2
51061 14.297 -31.3486111111 120.6 0.22 76.0 32.27 0.001 32.48 0.001 -2.78
51207 14.3293333333 9.36305555556 309.0 0.69 52.0 30.96 0.0 0.001 0.17 -2.96
51503 14.4226666667 39.54 339.6 0.34 71.0 32.23 0.0 0.001 0.18 -3.04
51587 14.45 8.68416666667 168.0 0.31 85.0 0.0 0.0 0.001 0.001 -3.4
52307 14.6366666667 46.6388888889 184.8 0.36 82.0 32.95 0.0 32.34 0.001 -2.9
52344 14.65 51.1211111111 109.8 0.24 87.0 32.95 0.001 33.13 0.001 -3.05
52809 14.7900555556 -17.4455555556 222.0 0.5 171.0 31.01 0.0 30.71 0.17 -2.89
52952 14.8291388889 60.3994444444 127.8 0.22 136.0 33.71 0.0 0.001 0.26 -3.49
53043 14.8553333333 58.9780555556 202.8 0.45 144.0 32.23 0.0 0.001 0.001 -2.96
54262 15.2007222222 1.69888888889 195.0 0.22 55.0 32.09 0.0 0.001 0.17 -3.26
54392 15.2371111111 -46.81 0.06 1.05 36.0 28.03 27.4 0.001 0.001 -1.8
54470 15.2645277778 56.3294444444 0.06 1.4 156.0 30.95 0.0 30.57 0.16 -1.93
55078 15.4348055556 9.20472222222 90.0 0.2 112.0 32.37 0.001 32.65 0.001 -3.27
55097 15.4413333333 41.2919444444 135.6 0.24 151.0 32.54 0.0 0.001 0.14 -3.11
55821 15.7 0.713333333333 255.6 0.4 77.0 32.13 0.0 31.47 0.15 -2.88
56094 15.8114722222 21.8691666667 161.4 0.35 151.0 32.72 0.001 32.72 0.001 -3.1
57261 16.1381944444 7.53916666667 200.4 0.45 55.0 31.85 0.0 31.7 0.18 -2.98
57582 16.2402777778 -0.207222222222 342.6 0.58 90.0 32.29 0.0 32.02 0.12 -2.72
57627 16.258 18.905 134.4 0.29 1.0 32.69 0.0 32.62 0.2 -2.9
59635 17.1166944444 -62.0830555556 298.8 0.44 136.0 30.96 0.0 30.99 0.19 -2.62
61300 18.031 6.96972222222 322.8 0.68 3.0 31.86 0.0 31.55 0.23 -2.61
62782 19.1186944444 -59.4669444444 162.6 0.27 125.0 31.55 0.0 0.001 0.2 -3.06
63395 19.5951111111 -57.5183333333 200.4 0.2 8.0 31.63 0.0 31.88 0.2 -2.9
64422 20.2866944444 -40.9238888889 135.6 0.16 33.0 32.6 0.001 32.92 0.001 -2.95
64429 20.2891111111 -38.6738888889 118.2 0.25 97.0 32.6 0.0 32.54 0.2 -3.01
65150 20.662 63.5980555556 111.0 0.17 140.0 32.41 0.001 32.41 0.001 -3.02
65426 20.8076111111 -78.0691666667 135.6 0.19 75.0 32.63 0.001 32.63 0.001 -2.93
66445 21.268 -64.8169444444 168.0 0.27 86.0 32.49 0.0 0.001 0.2 -3.18
66617 21.3546944444 -46.1530555556 82.2 0.19 105.0 32.33 0.0 32.05 0.2 -3.19
67842 22.0195 -32.5791666667 144.0 0.17 34.0 32.16 0.0 0.001 0.2 -3.49
68305 22.2166944444 -62.0680555556 157.8 0.2 49.0 31.68 0.0 0.001 0.2 -3.2
68345 22.2341944444 -26.9380555556 136.8 0.31 150.0 32.52 0.001 32.4 0.001 -2.82
68389 22.2486944444 -66.8488888889 293.4 0.61 29.0 31.87 0.0 31.57 0.19 -2.88
68450 22.2676111111 -47.6619444444 132.6 0.22 35.0 32.91 0.0 0.001 0.2 -3.26
68478 22.2786944444 -47.1180555556 119.4 0.2 122.0 32.51 0.0 32.3 0.2 -3.24
69707 22.7851111111 -64.83 211.8 0.34 14.0 32.51 0.0 32.53 0.2 -2.84
69759 22.8093055556 -39.6480555556 135.6 0.27 65.0 32.44 0.001 32.84 0.001 -3.0
69998 22.9186944444 -38.5830555556 93.6 0.17 57.0 32.87 0.0 32.41 0.2 -3.26
70089 22.9525 -42.805 247.8 0.39 92.0 29.5 0.0 0.001 0.15 -2.8
70175 22.9866666667 13.605 206.4 0.2 30.0 32.49 0.0 0.001 0.11 -3.18
71948 23.6306944444 -47.7269444444 331.2 0.57 129.0 33.08 0.0 0.001 0.16 -2.34
72178 23.71 -44.905 157.8 0.34 85.0 31.36 0.0 31.63 0.2 -3.08
72228 23.7293055556 -31.9561111111 309.0 0.7 48.0 27.87 28.27 0.001 0.001 -2.87
97243 20.82575 58.1047222222 96.0 0.2 131.0 32.51 0.001 32.51 0.001 -2.02
