-817.8315 494.4183
-400.5661 256.8458
-452.8506 -425.8033
12.9127 -91.9427
-985.5337 187.5846
-417.1641 -190.5224
-323.2236 -63.9913
37.5367 -737.1549
-685.2854 -391.7518
-1032.36 -198.2307
-510.6275 -282.8058
-1136.0773 455.66
-467.9029 -250.8699
-471.2812 -257.3742
-521.8182 -331.1168
-766.3351 -220.3395
-1038.482 -681.6589
-444.639 -377.5392
-382.3462 -161.1922
-29.2921 467.6403
-465.3594 8.7005
-658.0485 -1342.1067
-715.5809 -490.4835
510.0088 -420.0606
-170.2129 -1.5361
-301.8102 -1023.3701
-510.3496 -37.6619
-716.7224 -52.327
-427.0552 -259.1585
-850.0483 28.9396
242.1563 -309.6509
85.4123 106.2045
-472.58 355.9504
-335.6309 -756.433
202.2205 -32.3892
-931.0151 -299.3543
-1455.2738 51.6586
-181.9544 -902.8818
-584.1303 -677.9736
-257.7 -391.4657
-906.65 -894.451
-1284.6901 -722.2596
368.2637 -603.9155
-1450.6545 305.3069
-495.6364 -552.5208
203.4108 -1264.5191
-137.4786 -888.2864
-132.0096 -888.6965
-233.6628 -536.4835
-1243.6227 -547.4344
-1247.0907 -547.9853
-545.6448 -1188.4881
329.6588 -250.2129
-1135.6125 -563.597
-94.2689 -64.8499
-1467.1316 113.501
-501.2193 -313.9203
-758.6046 -502.5748
107.0375 -340.0652
176.0063 -171.2515
-909.3569 537.141
-569.3502 -867.7983
159.4064 -223.1214
-280.5091 -393.81
-173.773 -523.134
-281.1206 -583.8772
-1190.6307 55.3322
-401.252 -257.7595
-512.453 -754.753
-291.6275 -974.0825
-612.9229 -711.675
-450.1622 -1394.9056
-224.2418 -8.3422
-326.7305 -160.8122
-506.7179 -641.025
-1429.5289 -8.9725
-748.7646 -166.9656
-240.7302 -825.4029
387.8272 -221.5072
-1153.3561 382.9376
286.5627 269.6574
-256.9425 250.1766
-710.6827 436.5585
-1016.4724 296.2685
-1094.3351 355.086
-320.2651 -457.9544
-188.9345 -308.0074
-193.4031 -308.0778
-212.9414 -494.4733
-119.1566 -258.7733
-1367.9421 386.0075
-1367.2677 440.1076
-24.4553 -1204.0953
-565.2543 -579.4219
-325.804 -815.33
-222.273 -699.0687
-594.6987 -833.4613
486.368 -301.337
122.3061 -35.1371
-592.4465 -884.0417
-1179.8285 -200.058
62.1011 -291.1499
-764.1014 356.3194
-757.1055 353.4522
-1026.5383 41.542
-1267.3016 232.7683
-1072.8628 -1036.5116
-811.4547 466.7296
-382.3526 267.5537
-1511.8882 -178.9897
-70.5236 -25.7695
-686.3138 467.2127
-642.7795 -114.6799
-609.5164 -476.4064
-636.4846 -466.4105
-860.303 182.1142
-965.2343 554.125
-616.2381 397.8516
-239.1802 -71.5993
-576.2374 -410.8755
-256.153 -922.4115
448.0452 -822.9863
-1329.3457 -395.4488
-433.5992 -418.0564
-381.018 -282.2524
-1492.9879 -477.4247
-446.2349 -139.8684
156.6605 -1391.7953
-216.4043 229.4773
-215.9751 233.9501
296.9641 -1342.9387
299.9207 -1341.4034
-1377.4862 -1089.446
-385.5502 512.6428
-382.9855 507.2247
-680.8475 -1147.446
-251.3221 -1407.6521
-1211.6788 562.1515
-1285.4081 -509.8828
-1246.733 581.4485
-935.4188 585.8575
-1122.1315 189.4021
-723.0728 434.8746
61.1255 -1181.905
129.8462 -1260.2196
-1163.8949 554.9647
233.7235 -475.0297
-706.8329 82.3082
188.4065 -1224.5605
509.2777 -602.1899
506.2178 -498.029
505.2847 -502.0136
-634.4512 -1359.1031
-409.2129 138.6059
-40.13 -757.2355
-516.9828 567.1426
-242.4733 -50.8094
-1395.1988 283.3539
-85.3931 -159.4907
-880.2091 -78.7222
398.4837 158.7758
-432.0209 399.7618
-1137.0725 -236.1057
-1413.1836 389.2646
-1379.91 -104.9563
-849.2919 -1009.6659
-460.8606 -322.7129
-925.468 -601.4733
-992.7701 -57.1727
161.2974 475.1094
-1216.5575 -399.1303
87.7649 -82.8236
-120.3357 -1070.1341
-1248.2103 -1033.8158
-136.055 -785.0474
-46.1964 -124.1368
-1042.1289 -1164.5519
-334.9983 585.3932
-1086.0857 71.3702
-1504.68 -162.9966
-389.5351 -46.6755
63.5125 10.5825
-512.1078 -514.0741
-1398.0546 -186.1283
-355.4297 590.0337
172.0206 -1323.5693
-920.9499 -802.3768
-703.956 451.5515
-1047.7817 -1283.7371
-987.0352 221.3048
-246.2754 497.9653
-998.0735 -1056.175
29.9607 424.4091
-1106.3318 -1122.3911
-1333.5012 -844.6059
-370.1462 -1267.1052
-899.5355 83.2418
-829.7223 -726.5043
278.7774 -1223.6329
-341.7476 -680.1094
-156.7767 -662.3079
374.3798 -185.9903
373.297 -180.0525
376.8324 -183.9667
-1482.5368 -1038.9967
-222.9126 -1117.9001
-1015.2606 -113.6015
-887.352 296.318
-82.7062 -1062.594
-905.0367 -606.1137
206.6327 -489.8473
-326.34 -252.6093
384.3914 -949.0402
-764.8308 -56.5586
-564.9259 -107.0021
-17.778 -1152.878
-697.4416 -969.0633
-697.4865 -966.0866
-1492.9739 345.3312
-945.7199 -608.7396
-277.1327 -1408.555
-1261.0545 -148.7371
167.6746 -1298.826
-822.1551 -734.3248
-818.6123 -738.7351
-1354.4579 -409.7391
-1132.5544 -437.0092
-401.308 -1044.7872
-620.5762 92.5995
-397.7444 432.0608
-806.2979 -1160.3398
404.7667 -323.9607
38.1841 -648.3189
50.6438 -1376.0976
-1139.1971 -688.2082
-296.5869 -579.1586
-616.1933 -857.123
-1240.9915 266.4305
-688.883 -910.8691
-769.4884 516.0218
-1097.9518 -459.2907
-9.0118 538.9213
36.6519 -1205.6136
-1207.2339 300.2101
-768.5546 25.7575
200.687 563.5634
-252.2618 433.8568
-524.652 -472.5881
-86.9993 -118.8249
-878.8541 -234.5182
-865.9879 -626.8365
-1365.6338 -294.2927
-1348.1638 -102.4712
-846.2644 -222.0951
17.3765 106.1249
237.6599 548.7627
-241.8322 -949.975
-40.4669 -405.4111
-1113.1317 -1198.4221
264.7221 -587.6826
-1231.199 -1173.982
-1082.4939 -891.7631
-834.47 -1070.4691
-848.8994 -244.9634
-949.5167 499.7869
-1418.1472 -928.8107
-364.3621 -860.1023
412.2 -981.8497
-123.8277 -1003.1976
-441.1532 -180.4795
-1181.2857 324.9344
-272.3383 -1298.3155
-1102.4337 -524.368
50.032 -1236.6655
-148.6128 -643.8186
-57.1496 -1209.5727
-418.6136 169.2243
173.1583 281.2689
-254.9239 -806.2734
-1081.5558 1.4726
-1271.0016 412.3467
-863.5867 -193.0903
-139.0749 -321.1163
-74.4506 -193.5585
-1021.2075 -740.4386
-1148.2246 -23.3971
-748.4375 -1210.044
-1313.6439 -1041.7941
66.0453 -849.3508
-1275.5431 -1230.2589
357.7775 -764.8605
-1452.7077 -1107.0069
-159.909 -1278.1834
-651.6919 -676.557
434.8635 -343.8321
220.8048 85.511
121.3713 -1225.1205
-351.8128 -177.0869
-1133.8535 505.8146
-386.8824 -1079.2963
368.4937 -388.5464
-774.2502 -650.699
-386.5668 -1166.1322
-259.9844 -1030.6509
264.7575 -194.6648
484.577 -808.5161
-943.1618 -20.6623
-895.1131 -177.2113
-894.8068 131.9472
-894.3552 134.9317
-1274.1096 -600.5156
-1084.4482 127.4704
-101.3266 337.4845
-1273.1671 424.2221
-833.9285 -1238.1876
-911.2837 -224.6083
-781.9151 -142.1801
-365.2348 -110.3068
-505.0869 -1408.1768
-868.0279 -557.3959
-377.5299 441.8078
332.5635 -739.4536
-893.8611 -392.0608
-449.1407 -78.8774
-740.8643 99.6364
-735.6927 -1363.6757
-1314.9017 -892.4475
-998.0106 224.6055
-251.9922 86.4974
363.3578 51.0358
-1358.7894 -1308.4868
414.3532 -630.4822
-354.3452 353.3472
-557.0003 355.6127
-173.588 -140.0385
-1048.1962 -1124.4525
-1046.6618 -1127.4058
159.0466 -792.3073
-1056.5204 580.972
-1231.4562 -1189.8655
-1405.1332 151.6954
-1243.9368 -526.5975
-573.3827 -204.8934
-1001.6356 234.4731
-27.5886 420.5249
-426.6437 -451.1945
271.5678 -86.3785
184.6729 -416.7507
-1101.253 -1195.7537
-737.0511 -911.1318
209.1784 -790.5249
-1168.2217 -541.7803
-1119.0402 17.2577
-886.3538 -395.9124
132.2802 -630.9568
469.3301 -455.9341
-941.7036 -117.4049
36.0569 -45.9245
-898.7535 163.1477
-854.0551 393.6083
-245.6158 388.3081
-335.5946 229.5842
-288.0529 40.772
136.3036 189.3811
-579.8643 -1422.2571
-1256.9966 -780.3788
421.2462 394.8455
-1141.4989 -436.6539
-837.2896 -553.9342
-6.4924 -386.0189
199.8373 -599.1258
-324.6103 -1092.2096
-949.4272 -593.4148
-114.73 -222.9747
-1119.7642 164.1315
-629.247 41.847
-398.1464 228.1024
-509.2588 -538.3447
-716.2678 -16.591
-409.8167 -216.707
458.4498 101.165
-646.779 414.2424
16.0052 -1252.5849
-898.9378 -878.9462
-96.5384 -705.0273
-809.2622 -996.6294
-412.2834 -1041.4865
-1480.6926 57.7091
-1120.7018 -1223.353
-183.4845 -768.4265
-1245.8462 -762.3387
-45.5778 -1021.814
-553.0517 -71.0862
-1096.8471 -1389.2155
-166.1805 -499.6914
-893.9046 -290.3336
-106.181 395.9636
317.1916 478.062
117.622 -1174.0675
-552.7733 -320.1912
-77.6703 -276.4802
335.5952 344.3688
-1034.9 -919.2985
-156.3189 -758.57
-309.0384 -510.8745
-499.7769 -1002.6701
-134.7879 -1165.6388
-50.3784 -868.0572
92.2715 -744.2322
187.515 317.2239
-43.7191 -848.5991
-1486.8205 -491.222
298.9897 -653.638
377.1887 -570.031
-827.5658 -671.8846
42.4121 520.8746
40.8852 523.3318
294.553 365.5564
-272.9111 -1227.3631
-1207.3523 -845.0994
-1209.8497 -844.1463
-1318.207 -673.1643
463.1533 -46.1423
363.6744 392.4497
370.1855 -731.4174
-1508.3814 -82.1688
311.2972 -316.9975
-997.2197 402.7659
-906.784 -1379.7698
-629.8189 -710.9487
55.1504 -620.7587
-95.4518 -85.2142
1.3948 -349.1733
-1381.458 -1254.2582
-1000.1297 -1084.4927
-472.6248 -1057.8205
-733.527 -288.3028
-150.7757 -269.6924
-153.7398 -270.7315
-564.8425 -1100.9572
-803.8002 -74.0446
-349.001 -363.6265
-160.6587 418.9245
-1100.2014 -46.4596
-565.8547 20.5153
-937.258 -1038.3448
-497.6899 -383.3374
-108.4854 285.2672
-932.139 -916.6869
-839.9427 -443.8121
-780.8143 -281.1082
-183.7504 -1047.3141
-219.9895 -652.883
-32.2203 530.1196
-29.2338 529.6704
-558.2258 -386.7724
-637.0434 427.2979
-937.4132 -1258.6751
10.7118 -473.085
-1005.1671 -552.6094
-338.8404 -642.3498
-1453.8825 -370.1182
61.4776 -447.4734
411.6562 -89.1336
-886.5183 -384.9979
-481.8599 -609.8669
-555.2515 -188.7283
-56.7739 -213.1293
-1090.3695 -632.8531
-435.4939 -490.0402
-1386.0911 173.3335
-221.3339 -629.5812
-780.6956 534.7021
-823.3359 -1314.937
-1428.9322 17.3373
-937.1846 -1142.0565
-394.5036 414.7437
-271.3156 -1135.5347
-521.6812 186.9534
-364.7376 -769.2975
77.7768 -309.7598
-664.4925 -57.9551
-350.7164 -282.7674
-736.151 -773.1646
191.1874 -585.3676
-685.9814 148.6358
-475.185 -1085.6499
-292.0447 404.4485
-407.0528 -433.0214
481.8171 -131.2005
-266.513 -268.0423
-267.5434 -265.5774
-856.9314 -469.8839
-75.0982 -117.6449
-405.5914 590.2358
-367.5293 -1111.2465
-300.1771 317.9756
-1121.191 -1059.1073
-280.0699 -27.5825
-611.233 -659.0475
121.3945 -633.6095
-538.0557 548.4499
141.1503 -955.8502
303.305 -17.3982
-8.856 265.0027
-168.6521 455.0236
157.0962 -564.0704
-586.7406 -10.5803
-118.1266 68.2611
-895.0923 -1364.6985
-754.6757 -730.2842
-907.8732 -945.0861
85.2566 215.3734
-930.0689 99.1364
-403.2738 -321.3093
-1521.8383 349.3426
