-845.1133 195.7519
-818.7048 486.4648
-716.8869 -41.4124
-1517.5882 429.7994
-755.0651 -210.2373
-1174.5324 -782.0569
-1380.1679 538.1587
302.8698 -1339.372
42.5839 -742.534
472.5031 -1391.2849
25.7702 -747.265
-1451.2373 -1402.2429
-534.1933 -333.793
387.2536 508.4437
-810.9702 500.4812
451.0467 -824.4277
-1045.6611 -1292.6359
-137.9473 -330.0308
-326.1054 -70.4878
-1454.6875 45.713
-1181.5432 -778.1975
-1403.3091 524.892
503.487 -415.6972
-974.1938 555.4725
-323.8398 -56.0613
-1488.9192 10.4373
-432.9982 -260.2446
-317.1684 -70.3469
-275.6118 -59.7675
-231.774 -530.0027
-1326.4829 567.7861
-497.8887 -501.9405
-512.5352 -749.2957
276.9704 510.6759
-1197.2469 -1153.1014
-668.4452 -1344.2554
-129.7623 -576.53
-349.7193 13.4999
-270.3104 82.7352
