0.44 -15.47 498.0 0.36 1.0 10.82 75.0
0.81 16.14 306.0 0.46 15.1 10.92 68.0
0.91 15.22 162.0 0.7 13.0 15.04 50.0
0.99 20.76 180.0 0.31 31.5 9.16 79.0
2.19 15.81 168.0 0.85 12.8 12.1 35.0
2.48 -24.97 288.0 0.19 6.8 9.68 90.0
3.32 17.02 108.0 0.19 12.7 14.1 90.0
3.48 -23.17 468.0 0.73 5.9 9.63 47.0
3.5 48.22 108.0 0.63 26.4 14.0 56.0
3.72 -39.18 1452.0 0.19 1.3 7.5 90.0
4.19 12.34 168.0 0.7 15.9 13.7 50.0
5.04 10.87 150.0 0.82 15.9 13.54 39.0
5.1 59.29 912.0 0.89 0.7 7.97 31.0
6.02 16.47 228.0 0.15 12.5 10.95 90.0
6.77 11.57 138.0 0.27 28.3 12.7 82.0
7.59 -33.25 324.0 0.2 19.0 7.51 90.0
8.28 48.5 1098.0 0.62 0.7 9.74 57.0
8.54 -30.77 114.0 1.0 19.0 13.65 0.0
8.56 -27.79 198.0 0.44 19.2 9.08 69.0
8.56 -31.79 108.0 0.38 18.4 13.03 74.0
8.68 -8.39 168.0 0.69 20.9 10.75 51.0
8.97 -25.37 204.0 0.78 18.8 12.5 43.0
9.74 48.34 1140.0 0.84 0.7 9.36 37.0
9.77 -14.17 108.0 0.5 18.4 12.77 65.0
10.08 41.69 1050.0 0.6 0.7 8.63 58.0
10.15 -13.87 270.0 0.67 20.3 11.48 53.0
10.37 -21.04 96.0 0.33 19.1 13.74 77.0
10.68 40.87 726.0 0.65 0.7 8.89 54.0
10.68 41.27 9330.0 0.32 0.7 0.86 78.0
10.79 -22.24 114.0 0.43 4.5 13.96 70.0
11.45 -15.59 66.0 0.91 11.6 13.68 28.0
11.55 19.48 150.0 0.27 35.5 13.6 82.0
11.52 -11.52 132.0 0.75 20.2 14.22 46.0
11.76 -20.74 1038.0 0.3 2.1 7.62 80.0
11.85 -31.42 138.0 0.6 17.1 12.65 58.0
11.88 -25.29 1128.0 0.23 3.0 4.67 86.0
11.95 -11.47 204.0 1.0 20.0 12.25 0.0
12.75 -7.06 102.0 0.94 21.9 12.7 23.0
12.78 -7.06 84.0 0.82 21.9 12.73 39.0
13.03 47.55 192.0 1.0 11.8 10.75 0.0
13.2 -31.21 480.0 0.82 19.4 11.5 39.0
13.18 -72.82 15432.0 0.56 0.1 2.39 61.0
13.71 -37.67 1146.0 0.75 1.2 8.54 46.0
14.74 48.01 120.0 0.49 38.9 14.1 66.0
14.95 -7.58 174.0 0.69 20.7 11.65 50.0
15.21 47.68 222.0 0.31 36.9 9.87 79.0
15.35 7.61 108.0 0.62 28.7 14.2 56.0
15.83 -6.33 132.0 0.65 32.1 12.69 54.0
16.19 2.11 1116.0 0.92 0.7 9.93 27.0
16.28 -6.21 258.0 0.75 13.8 11.7 46.0
16.84 -69.88 138.0 0.41 17.3 11.9 71.0
17.16 1.64 156.0 0.15 25.3 12.27 90.0
17.37 35.71 414.0 1.0 2.4 10.84 0.0
17.93 -0.65 66.0 0.9 32.5 13.9 29.0
18.24 0.98 258.0 0.76 14.9 11.73 44.0
18.88 -0.86 198.0 0.82 22.4 12.29 39.0
19.94 3.41 174.0 0.61 30.5 12.37 57.0
19.99 16.54 138.0 0.65 29.8 12.6 54.0
20.02 3.41 690.0 0.91 32.5 11.94 29.0
20.31 12.41 162.0 0.51 9.4 14.32 64.0
20.44 5.26 312.0 0.74 29.3 10.97 46.0
20.54 0.94 204.0 0.41 29.9 10.83 71.0
21.01 12.92 228.0 0.75 32.4 12.31 45.0
21.14 3.79 234.0 0.44 27.8 11.99 69.0
21.2 9.54 192.0 0.98 32.1 11.37 15.0
22.43 -1.24 102.0 0.66 10.6 13.9 53.0
22.59 -22.67 300.0 0.71 19.5 9.58 49.0
22.82 -6.87 210.0 0.63 23.4 11.16 55.0
23.14 4.58 102.0 0.89 25.5 13.9 31.0
23.22 -7.02 192.0 0.63 23.8 11.66 56.0
23.27 -7.31 270.0 1.0 22.9 12.9 0.0
23.48 30.65 3156.0 0.62 0.7 4.36 56.0
23.57 -29.41 294.0 0.84 17.5 7.89 37.0
23.77 -7.34 204.0 0.34 23.1 11.63 77.0
23.76 -41.41 234.0 0.31 3.9 11.6 79.0
24.17 15.78 438.0 1.0 9.7 9.61 0.0
24.77 -7.51 132.0 0.83 24.2 12.21 38.0
25.59 13.96 162.0 0.36 10.8 12.5 75.0
25.62 18.3 96.0 0.34 36.9 14.2 77.0
25.74 13.63 348.0 0.33 11.8 10.79 77.0
26.87 27.33 372.0 0.42 6.4 11.43 71.0
26.95 27.43 336.0 0.43 7.5 10.73 70.0
26.95 -52.78 228.0 0.9 15.2 11.9 29.0
27.11 -12.38 180.0 0.82 19.8 13.63 39.0
27.22 5.89 228.0 0.4 19.5 10.8 72.0
27.31 20.69 108.0 0.49 36.3 11.41 66.0
27.29 -10.43 168.0 0.66 21.5 12.5 53.0
27.39 32.58 198.0 0.25 4.6 11.8 85.0
27.41 -12.81 108.0 0.86 21.0 15.27 34.0
27.66 21.74 210.0 0.74 35.2 12.0 46.0
27.76 -9.7 144.0 0.48 22.7 10.02 67.0
28.25 -13.73 240.0 0.64 20.3 11.15 55.0
28.29 4.19 150.0 0.86 21.4 12.37 34.0
29.05 5.59 24.0 1.0 10.8 14.6 0.0
29.09 -9.07 168.0 0.3 20.1 10.53 79.0
29.47 44.92 138.0 0.75 12.3 12.5 45.0
29.81 18.95 72.0 0.75 32.3 13.8 45.0
29.83 19.0 402.0 0.66 32.6 7.96 53.0
29.92 -5.95 192.0 0.25 17.3 8.64 84.0
30.31 28.82 294.0 0.3 4.7 10.88 79.0
30.83 18.63 84.0 1.0 31.2 14.3 0.0
30.84 22.03 138.0 0.92 35.1 14.09 26.0
30.9 24.07 162.0 0.53 35.6 12.7 63.0
30.93 16.03 174.0 0.5 27.6 10.34 65.0
31.02 24.2 96.0 0.7 9.3 14.0 50.0
31.12 -6.17 162.0 0.51 16.8 12.42 64.0
32.09 11.0 204.0 0.68 23.2 11.61 51.0
32.7 6.75 150.0 1.0 20.7 14.81 0.0
33.85 5.99 258.0 0.75 20.0 11.31 45.0
35.42 -5.52 216.0 0.72 28.5 12.16 49.0
35.61 42.34 570.0 0.25 9.6 6.78 84.0
35.63 -0.62 120.0 0.16 19.1 14.5 90.0
35.77 -21.22 306.0 0.44 17.8 8.29 70.0
36.23 36.04 198.0 0.82 9.8 13.73 39.0
36.47 18.49 204.0 0.62 20.3 9.96 56.0
36.5 -21.42 108.0 0.86 18.4 13.94 34.0
36.82 33.59 648.0 0.65 9.4 8.72 54.0
36.91 -1.15 360.0 0.81 16.9 11.06 40.0
37.13 -1.14 186.0 0.77 20.4 12.87 44.0
37.71 37.13 198.0 0.67 10.3 9.71 52.0
37.63 -1.11 150.0 0.34 19.2 12.34 77.0
38.08 35.5 144.0 0.61 10.1 11.03 57.0
38.32 33.5 180.0 0.94 10.1 12.8 23.0
38.43 40.53 198.0 0.87 10.2 12.9 33.0
38.56 29.31 216.0 0.5 21.4 11.46 65.0
38.61 29.75 132.0 0.6 15.1 14.64 58.0
38.4 -39.03 192.0 0.79 23.2 11.66 42.0
38.89 -7.14 186.0 0.9 18.8 12.2 30.0
39.1 38.96 336.0 0.97 14.2 11.71 17.0
39.07 25.43 264.0 0.21 10.7 10.72 89.0
39.53 -1.31 186.0 1.0 33.1 12.3 0.0
39.64 -6.66 150.0 0.91 18.5 12.13 28.0
39.81 40.88 336.0 0.47 10.7 9.98 67.0
39.81 30.14 180.0 0.55 14.4 12.2 61.0
39.77 -27.45 114.0 0.74 16.4 13.2 46.0
39.89 -8.11 102.0 0.25 15.0 10.18 84.0
40.1 39.06 390.0 0.4 10.5 9.95 72.0
39.89 -34.51 1128.0 0.7 0.1 8.99 50.0
40.12 19.29 102.0 0.72 11.2 13.2 48.0
40.08 -8.43 258.0 0.88 16.7 11.2 32.0
40.26 -8.25 150.0 0.59 17.8 11.44 59.0
40.44 0.42 366.0 0.48 12.6 7.95 67.0
40.66 -0.02 474.0 0.9 14.4 9.41 29.0
40.82 37.34 222.0 0.98 9.1 11.93 16.0
40.91 1.37 306.0 1.0 15.2 11.47 0.0
40.93 -29.0 300.0 0.71 16.9 12.3 49.0
41.49 -7.57 180.0 0.54 17.1 10.91 63.0
41.61 -0.5 198.0 0.53 19.0 11.18 63.0
41.63 -0.24 174.0 0.5 34.9 9.9 65.0
41.6 -30.27 534.0 0.62 14.5 10.02 57.0
41.98 37.54 168.0 0.8 10.0 13.1 41.0
42.0 3.89 342.0 1.0 13.1 13.3 0.0
42.29 2.14 348.0 1.0 14.0 13.9 0.0
42.77 4.45 30.0 0.6 12.6 14.5 58.0
43.65 -10.03 90.0 0.57 18.2 12.54 60.0
44.21 -54.56 288.0 0.17 5.4 11.82 90.0
44.93 25.23 228.0 0.83 6.4 11.56 38.0
44.94 2.76 108.0 1.0 34.2 13.1 0.0
45.15 40.24 174.0 0.7 26.8 13.3 50.0
45.41 -14.83 126.0 0.91 18.3 12.81 28.0
45.87 46.39 324.0 0.61 33.7 8.44 57.0
45.64 -18.9 300.0 0.71 21.2 12.0 49.0
45.65 -22.87 312.0 0.86 16.3 11.29 35.0
46.0 43.39 186.0 0.48 37.9 10.07 67.0
45.9 -15.62 126.0 0.86 31.6 12.41 34.0
46.04 -26.07 162.0 0.61 20.2 11.58 57.0
46.54 42.37 276.0 0.53 37.4 11.7 63.0
46.5 -15.6 138.0 0.58 32.9 12.22 59.0
47.43 -20.57 414.0 0.79 20.0 10.39 42.0
47.41 -41.01 240.0 0.5 10.1 11.81 65.0
47.58 -22.39 138.0 0.17 15.4 10.74 90.0
47.51 -53.34 282.0 0.57 10.7 10.21 60.0
47.8 -8.92 204.0 0.67 26.6 12.3 52.0
48.39 -25.73 192.0 0.61 19.9 9.82 57.0
48.53 -2.81 276.0 0.49 21.1 9.97 66.0
48.44 -25.18 192.0 0.3 20.4 12.48 80.0
48.26 -57.36 168.0 0.36 12.3 10.63 75.0
48.67 -4.78 126.0 0.83 27.6 13.87 38.0
50.1 80.24 156.0 0.8 34.2 13.3 41.0
49.32 3.61 36.0 0.58 11.3 14.6 60.0
49.21 -35.51 168.0 0.58 18.0 12.62 60.0
49.33 -41.13 648.0 0.91 8.6 9.42 28.0
49.52 -27.61 138.0 0.43 15.7 10.41 70.0
49.63 -25.83 138.0 0.36 21.2 11.27 75.0
50.05 41.36 102.0 0.8 30.7 13.0 41.0
49.81 -19.1 114.0 0.91 18.3 12.6 28.0
49.94 -19.4 390.0 0.78 18.8 8.79 43.0
49.57 -66.5 528.0 0.82 3.7 9.26 38.0
49.96 -26.05 216.0 0.87 20.0 11.4 33.0
50.53 -15.4 174.0 1.0 26.0 11.9 0.0
50.67 -37.2 312.0 0.68 16.9 9.67 51.0
50.7 -37.1 180.0 0.83 16.9 11.94 38.0
50.98 -36.45 210.0 0.67 16.9 8.16 53.0
51.13 -21.5 258.0 0.36 17.7 9.54 75.0
51.2 -21.34 132.0 1.0 17.7 13.39 0.0
51.58 -21.34 78.0 0.29 17.7 11.17 80.0
51.63 -21.35 72.0 1.0 17.7 14.17 0.0
51.42 -52.77 108.0 0.56 11.5 12.5 61.0
52.03 -8.39 234.0 0.36 15.0 9.91 75.0
52.04 -17.42 72.0 0.4 21.9 14.77 72.0
52.02 -32.29 108.0 0.77 14.6 12.6 43.0
51.99 -37.14 84.0 1.0 16.9 13.0 0.0
52.08 -31.07 216.0 0.7 13.9 11.25 50.0
52.34 -17.79 138.0 0.76 18.1 13.98 45.0
52.63 -34.86 132.0 0.5 16.9 12.8 65.0
52.76 -33.61 264.0 0.54 16.9 8.28 62.0
53.03 -20.79 180.0 0.43 17.8 11.83 70.0
52.9 -51.91 144.0 0.51 11.6 9.64 64.0
53.31 -13.66 126.0 0.65 24.7 12.34 54.0
53.43 -19.51 138.0 0.67 23.7 12.38 53.0
53.45 -21.44 114.0 0.87 22.1 12.2 33.0
53.42 -36.13 588.0 0.53 16.9 7.18 63.0
53.48 -31.2 96.0 0.36 11.6 12.87 75.0
53.73 -24.91 372.0 0.67 17.1 11.43 53.0
53.8 -35.26 96.0 0.36 16.9 13.2 75.0
53.83 -35.23 120.0 0.87 16.9 12.3 33.0
54.03 -35.45 144.0 1.0 16.9 12.07 0.0
54.1 -34.96 204.0 0.56 16.9 11.1 61.0
54.15 -35.3 114.0 0.26 16.9 12.34 83.0
54.22 -36.0 144.0 0.38 16.9 12.1 74.0
54.25 -35.51 150.0 1.0 16.9 12.0 0.0
54.25 -35.18 78.0 1.0 16.9 13.3 0.0
54.33 -24.5 246.0 0.58 17.5 9.46 59.0
54.3 -35.75 120.0 0.62 16.9 12.39 57.0
54.61 -23.02 228.0 0.9 20.0 11.16 29.0
54.62 -35.45 198.0 1.0 16.9 10.85 0.0
54.72 -26.33 420.0 0.7 16.1 10.47 50.0
54.72 -35.58 162.0 0.94 16.9 11.2 24.0
54.69 -44.08 126.0 0.72 11.2 11.7 48.0
54.88 -18.68 150.0 0.87 5.0 11.94 34.0
54.87 -31.33 144.0 0.19 11.8 9.33 90.0
55.06 -18.57 258.0 0.91 21.6 10.65 28.0
55.24 -22.55 204.0 0.5 17.7 12.4 65.0
56.3 76.64 384.0 1.0 37.3 11.4 0.0
55.63 -13.49 150.0 0.18 25.5 9.56 90.0
55.58 -29.89 342.0 0.44 17.4 8.85 69.0
55.57 -35.4 120.0 0.64 16.9 11.94 55.0
55.51 -47.22 348.0 0.92 11.6 10.64 27.0
55.69 -22.1 132.0 0.61 16.8 12.28 57.0
55.89 -35.85 156.0 0.69 16.9 12.19 51.0
56.71 68.08 1674.0 0.96 3.9 6.4 20.0
56.19 -21.92 138.0 0.96 19.7 12.52 19.0
56.26 -18.26 126.0 0.69 18.2 12.53 50.0
56.13 -44.64 342.0 0.23 12.9 8.32 86.0
56.33 -18.62 168.0 0.61 22.8 12.73 57.0
57.1 70.13 318.0 0.52 20.3 10.9 64.0
56.57 -34.92 204.0 0.25 16.9 9.68 84.0
57.12 -16.39 138.0 0.2 17.1 12.66 90.0
57.37 -26.98 162.0 0.14 17.8 11.45 90.0
57.45 -71.63 240.0 0.58 16.3 10.73 59.0
58.51 -35.98 102.0 0.84 15.7 12.27 36.0
58.94 -42.37 138.0 0.62 8.9 12.12 56.0
59.36 -46.2 234.0 1.0 11.3 11.8 0.0
59.41 -48.9 168.0 0.55 12.2 11.01 61.0
59.87 -67.62 198.0 0.4 15.1 11.5 72.0
61.1 -2.18 174.0 0.35 10.6 10.75 76.0
60.88 -43.41 390.0 0.33 10.3 13.48 77.0
60.98 -43.34 630.0 0.33 9.5 10.88 77.0
61.92 69.81 414.0 0.72 16.2 10.14 48.0
61.02 -54.09 240.0 0.21 13.4 11.17 89.0
61.72 -21.16 168.0 0.48 10.5 11.96 67.0
62.09 -47.88 174.0 0.42 11.0 12.1 71.0
62.28 -45.5 66.0 0.73 16.5 12.18 47.0
62.47 -56.12 144.0 0.86 13.4 11.88 35.0
62.76 -56.48 120.0 0.9 13.4 13.06 29.0
63.0 -32.85 78.0 0.67 13.0 12.8 53.0
63.03 -32.87 738.0 0.27 13.6 10.65 82.0
63.41 -31.64 186.0 0.67 15.2 11.62 53.0
63.19 -57.74 156.0 0.5 13.4 11.57 65.0
63.64 -56.05 156.0 0.54 13.4 12.5 62.0
63.94 -55.59 156.0 0.75 13.4 10.87 45.0
64.04 -55.77 234.0 0.53 13.4 10.47 63.0
64.12 -60.21 108.0 0.85 12.3 12.4 36.0
64.46 -55.92 114.0 0.15 13.4 11.8 90.0
64.4 -62.77 180.0 0.61 14.3 9.01 57.0
65.84 75.31 288.0 0.57 36.6 11.5 60.0
65.0 -54.93 480.0 0.81 13.4 10.19 40.0
65.28 -21.83 294.0 0.38 10.1 10.61 74.0
65.5 -56.96 210.0 0.89 13.4 11.3 31.0
67.68 64.85 246.0 0.51 1.6 9.69 64.0
66.89 -55.02 156.0 0.23 13.4 11.9 87.0
68.2 71.9 426.0 0.22 3.0 9.22 88.0
67.92 -54.59 204.0 0.5 13.4 10.92 65.0
69.27 -3.28 96.0 0.2 38.3 12.4 90.0
71.11 75.64 174.0 0.61 37.0 10.03 57.0
70.35 -2.83 300.0 0.82 8.9 11.41 39.0
71.57 76.42 180.0 0.25 17.9 11.21 85.0
70.56 -20.43 192.0 1.0 19.1 12.43 0.0
71.94 74.92 126.0 0.56 26.1 13.8 60.0
71.42 -59.24 342.0 0.84 14.5 10.97 37.0
72.14 0.23 120.0 0.82 8.2 13.95 39.0
72.29 -29.19 204.0 0.89 17.0 13.02 31.0
72.1 -59.79 138.0 0.77 13.5 12.3 44.0
74.33 78.19 120.0 0.95 25.5 12.59 21.0
73.23 -25.23 300.0 0.71 16.0 13.12 49.0
73.57 1.63 78.0 1.0 27.7 13.9 0.0
74.51 68.31 156.0 0.73 14.4 12.0 47.0
73.55 -53.37 96.0 0.71 6.0 12.64 49.0
74.98 -26.02 618.0 0.5 7.8 9.92 65.0
75.67 -61.13 90.0 0.5 10.6 12.6 65.0
76.35 -11.88 216.0 0.64 28.7 9.18 55.0
76.32 -37.98 318.0 0.5 13.6 8.24 65.0
76.59 -31.95 114.0 0.5 7.4 13.1 65.0
76.93 -37.51 426.0 0.7 10.8 10.65 50.0
77.67 -31.6 162.0 0.91 10.8 12.95 27.0
77.91 -14.82 174.0 0.81 24.1 12.0 40.0
78.56 62.57 372.0 0.67 4.5 11.7 52.0
78.01 -15.69 144.0 0.57 23.5 11.68 60.0
77.98 -32.97 228.0 0.9 10.2 13.16 29.0
78.8 -30.54 138.0 0.29 17.2 10.93 81.0
79.43 53.55 222.0 0.35 11.4 11.6 76.0
79.27 -64.96 126.0 0.3 15.4 10.72 80.0
79.94 -32.15 132.0 0.67 14.2 13.0 53.0
80.63 -11.5 174.0 0.33 28.6 11.9 77.0
80.89 -69.75 39624.0 0.85 0.1 0.3 35.0
82.03 -16.09 114.0 1.0 26.7 12.83 0.0
81.7 -63.75 204.0 0.91 12.1 11.7 28.0
83.32 -21.94 306.0 0.44 20.0 8.11 70.0
85.46 -64.29 84.0 0.94 12.1 12.8 24.0
86.75 -34.23 360.0 0.56 10.2 8.61 61.0
88.93 3.4 126.0 0.9 10.3 12.9 29.0
90.13 -28.98 126.0 0.53 16.4 14.08 63.0
90.26 -23.66 162.0 0.67 22.4 11.84 53.0
92.0 -21.74 84.0 0.69 34.2 13.13 51.0
92.55 -34.11 204.0 0.23 7.9 11.62 86.0
93.05 -21.79 180.0 0.83 28.8 11.62 37.0
94.66 78.34 330.0 0.85 17.2 10.94 36.0
94.08 -21.36 282.0 0.67 33.3 10.67 53.0
95.95 78.52 174.0 0.41 24.7 11.05 71.0
95.18 -16.05 138.0 0.62 35.7 12.56 56.0
95.42 -27.24 300.0 0.92 19.5 11.28 26.0
96.14 -22.82 180.0 1.0 33.7 11.79 0.0
96.75 59.08 156.0 0.72 38.9 12.4 48.0
96.47 -21.98 144.0 0.55 27.5 12.27 62.0
97.61 39.48 186.0 0.57 8.6 12.8 60.0
100.01 60.07 174.0 0.87 31.6 11.9 33.0
100.16 -58.53 174.0 0.27 31.4 9.65 83.0
103.97 84.92 126.0 0.55 33.2 14.3 61.0
101.62 60.34 144.0 0.64 31.6 11.64 55.0
101.22 -27.63 402.0 0.44 23.2 8.61 69.0
102.52 60.84 198.0 0.7 28.4 11.5 50.0
103.28 57.18 264.0 1.0 23.1 12.4 0.0
103.87 69.58 216.0 0.49 20.6 10.39 66.0
103.46 19.3 168.0 0.4 18.0 12.2 72.0
104.12 60.65 126.0 0.59 30.3 13.9 59.0
103.58 -40.86 156.0 0.19 13.6 12.04 90.0
105.66 -28.69 186.0 0.67 26.1 11.11 53.0
106.22 56.54 90.0 0.87 22.2 14.38 33.0
108.56 84.38 204.0 0.7 34.4 9.21 49.0
107.25 61.6 240.0 1.0 27.9 11.9 0.0
106.98 15.17 138.0 0.5 30.0 11.36 65.0
107.08 18.78 162.0 0.75 30.9 11.68 45.0
107.55 44.45 162.0 0.83 8.2 12.2 38.0
108.58 73.48 132.0 0.41 40.0 14.03 71.0
108.12 47.16 138.0 0.92 16.0 12.44 26.0
111.83 85.75 168.0 0.9 36.8 11.64 29.0
109.4 23.35 156.0 0.16 31.5 10.35 90.0
113.1 85.71 270.0 0.61 31.0 11.67 57.0
111.65 80.16 312.0 0.59 33.9 8.59 59.0
110.26 25.15 114.0 0.53 33.1 13.8 63.0
111.12 61.7 228.0 0.89 27.2 12.9 31.0
110.33 -68.99 132.0 0.48 14.9 11.7 66.0
112.49 79.86 150.0 0.4 31.7 10.67 72.0
112.22 69.19 408.0 0.43 2.9 10.78 70.0
112.06 40.76 114.0 0.7 7.2 14.67 50.0
112.52 -62.25 222.0 0.67 39.0 11.69 53.0
113.56 4.54 126.0 0.61 17.1 13.2 57.0
114.22 65.6 1284.0 0.54 4.2 6.43 62.0
114.11 -47.62 288.0 0.4 10.9 9.2 72.0
113.71 -69.27 108.0 0.94 16.4 11.6 24.0
114.5 3.3 90.0 0.68 16.5 13.7 52.0
114.11 -69.53 372.0 0.91 17.1 10.5 28.0
115.08 -1.58 126.0 0.77 19.6 13.8 44.0
115.35 40.11 138.0 0.92 7.4 13.89 26.0
115.46 16.79 270.0 0.82 2.1 13.37 39.0
116.2 72.79 132.0 0.8 37.2 13.8 41.0
119.07 60.3 72.0 0.75 24.9 14.05 45.0
119.22 60.34 216.0 0.73 23.6 12.35 47.0
119.25 14.38 108.0 0.59 3.2 14.0 59.0
119.73 58.04 120.0 0.36 18.9 14.27 75.0
119.55 -49.85 276.0 0.16 12.8 9.02 90.0
120.08 42.17 108.0 0.15 12.8 14.3 90.0
120.48 50.76 168.0 1.0 10.1 12.05 0.0
121.67 80.12 144.0 0.25 16.7 13.8 85.0
121.41 -11.42 156.0 0.76 21.1 11.73 45.0
122.87 76.43 150.0 0.61 25.5 11.83 57.0
122.78 46.46 114.0 0.95 33.3 14.06 21.0
123.3 45.99 102.0 0.89 9.0 12.15 31.0
123.48 45.74 186.0 0.13 10.6 12.67 90.0
123.65 49.06 378.0 0.47 10.6 10.26 67.0
124.82 70.71 468.0 0.74 4.5 10.92 47.0
124.75 57.81 192.0 0.33 18.8 11.92 78.0
124.84 50.0 210.0 0.7 10.0 12.54 50.0
125.41 73.99 216.0 0.76 41.3 12.3 45.0
126.2 73.42 102.0 0.7 34.1 12.98 50.0
125.68 22.55 114.0 0.63 30.8 13.3 55.0
126.95 73.51 132.0 0.92 33.5 14.1 26.0
126.52 45.96 138.0 0.71 31.9 12.7 49.0
128.51 66.16 108.0 0.85 2.0 14.2 35.0
129.32 78.02 138.0 0.26 22.9 10.33 84.0
128.32 -22.97 318.0 0.24 21.9 7.55 85.0
128.83 28.47 114.0 0.64 31.0 12.51 55.0
129.39 51.64 168.0 0.82 12.8 13.0 39.0
129.48 -2.45 36.0 1.0 26.7 14.2 0.0
129.9 53.45 120.0 0.52 13.0 12.18 64.0
130.83 45.73 186.0 0.6 30.0 13.6 58.0
131.03 30.11 126.0 0.23 30.7 10.54 86.0
132.0 73.53 72.0 0.22 38.8 13.3 87.0
132.02 74.09 150.0 0.64 33.2 12.62 55.0
132.3 60.21 168.0 0.2 23.3 11.94 90.0
133.89 78.22 348.0 0.9 24.4 10.92 29.0
133.17 33.44 426.0 0.3 5.7 6.9 79.0
133.39 51.31 216.0 1.0 13.3 11.03 0.0
135.97 85.5 204.0 0.77 26.7 11.9 44.0
133.89 58.74 276.0 0.55 16.2 11.75 62.0
134.73 53.75 126.0 0.84 35.1 10.95 36.0
134.75 39.2 168.0 0.13 8.7 13.7 90.0
134.88 44.92 144.0 0.56 28.6 12.43 61.0
134.37 -69.06 162.0 0.38 17.1 10.77 74.0
135.66 25.93 60.0 0.4 37.5 13.9 72.0
136.22 59.93 90.0 0.31 24.0 12.4 79.0
137.01 78.08 222.0 0.38 20.4 11.47 74.0
136.45 25.43 132.0 0.92 38.4 12.3 26.0
136.67 34.61 102.0 0.2 30.9 14.2 90.0
136.88 60.48 174.0 0.55 22.2 11.9 61.0
136.86 33.26 102.0 0.26 7.8 13.4 84.0
136.71 -15.48 126.0 1.0 25.7 12.52 0.0
137.06 21.44 90.0 0.66 37.4 13.27 53.0
137.03 5.93 156.0 1.0 19.6 14.54 0.0
137.36 33.09 162.0 0.31 29.6 10.45 79.0
138.35 79.19 96.0 0.46 31.8 12.83 68.0
137.58 7.04 270.0 0.82 17.0 11.02 39.0
137.91 60.04 384.0 0.48 23.7 10.74 67.0
138.42 76.47 144.0 0.43 23.8 12.0 71.0
138.05 44.96 192.0 1.0 38.7 12.17 0.0
138.02 35.51 114.0 0.56 28.9 14.59 60.0
137.84 -15.03 114.0 1.0 27.9 14.37 0.0
137.86 -14.8 210.0 0.51 27.5 11.97 64.0
138.07 35.01 90.0 0.73 31.0 13.0 48.0
138.65 74.22 228.0 0.77 20.4 12.95 44.0
138.17 34.91 66.0 0.73 32.9 13.9 47.0
138.08 -24.17 396.0 0.56 7.1 10.54 61.0
138.52 40.1 222.0 0.78 37.3 12.07 43.0
139.18 53.44 36.0 0.66 34.0 14.8 53.0
139.59 73.75 186.0 0.5 34.8 10.52 65.0
139.19 34.42 78.0 0.87 26.3 13.8 34.0
139.03 -16.3 126.0 0.4 33.7 12.11 72.0
139.08 -23.64 198.0 0.34 30.3 11.73 77.0
139.35 42.0 126.0 0.36 27.1 12.49 75.0
139.38 41.99 96.0 0.28 27.4 13.5 81.0
139.82 69.2 216.0 0.67 13.0 11.65 52.0
139.64 47.87 198.0 0.53 30.8 12.9 63.0
139.49 -22.36 414.0 0.72 10.8 8.96 48.0
140.11 64.1 384.0 0.71 28.0 11.52 49.0
140.29 64.25 78.0 0.22 27.1 14.15 87.0
140.38 64.23 36.0 0.44 24.7 14.6 70.0
140.43 64.27 174.0 0.12 26.0 12.46 90.0
140.03 -16.51 156.0 0.76 27.7 12.43 45.0
140.44 40.15 102.0 0.51 24.1 13.37 64.0
140.51 50.98 342.0 0.51 12.0 6.88 64.0
140.35 -11.91 144.0 0.92 26.3 12.3 26.0
140.79 40.16 72.0 1.0 29.3 13.6 0.0
140.81 40.2 102.0 0.51 28.2 13.6 64.0
140.86 -23.16 156.0 0.93 35.7 12.07 24.0
141.08 34.51 294.0 0.9 25.4 11.65 30.0
141.15 -25.11 90.0 0.82 31.9 13.64 38.0
141.42 11.43 114.0 0.95 41.4 12.5 22.0
141.5 19.38 54.0 0.87 35.9 14.1 33.0
141.57 -28.03 102.0 0.71 29.4 12.99 49.0
142.39 62.49 150.0 0.64 25.2 12.41 55.0
141.54 -76.63 96.0 0.5 3.3 12.36 65.0
142.56 29.54 78.0 1.0 26.8 13.3 0.0
142.72 -14.73 78.0 0.92 28.3 12.8 26.0
142.91 -16.73 102.0 0.67 28.2 12.7 53.0
143.05 21.51 600.0 0.49 6.3 6.53 66.0
144.2 -21.12 306.0 0.71 30.6 10.69 49.0
144.51 9.6 66.0 0.79 41.6 14.5 42.0
145.11 71.18 228.0 1.0 4.4 12.98 0.0
145.12 48.33 54.0 0.89 6.9 13.4 31.0
145.3 35.88 84.0 0.5 27.7 13.17 65.0
145.23 5.17 198.0 0.75 30.6 12.66 46.0
145.47 48.67 120.0 1.0 38.7 14.2 0.0
145.65 58.85 198.0 0.7 23.3 11.82 49.0
146.07 76.35 54.0 0.43 36.2 14.8 71.0
145.51 0.33 174.0 1.0 30.9 12.14 0.0
145.71 31.85 156.0 0.57 21.9 11.8 60.0
145.63 -3.69 192.0 0.58 28.5 11.65 60.0
145.78 31.93 114.0 0.73 25.9 12.67 47.0
145.88 31.98 36.0 0.8 26.7 14.4 41.0
145.93 -20.47 138.0 0.6 27.4 12.47 58.0
146.08 -21.28 156.0 1.0 32.3 11.84 0.0
146.19 -31.83 150.0 0.86 16.4 12.77 35.0
146.82 67.9 276.0 0.58 2.1 10.5 59.0
146.47 2.96 90.0 0.51 28.4 14.6 64.0
146.42 -14.33 192.0 0.2 30.5 11.91 90.0
146.37 -31.18 618.0 0.66 13.8 9.97 53.0
146.45 -14.36 90.0 0.83 30.5 12.82 37.0
146.58 5.7 66.0 0.53 43.7 12.91 63.0
146.55 -30.43 210.0 0.74 32.5 12.2 46.0
146.71 0.5 126.0 0.4 26.3 13.7 72.0
146.88 -2.03 120.0 0.21 21.3 14.4 89.0
146.94 2.61 120.0 0.37 27.7 13.2 74.0
147.14 33.41 252.0 0.21 24.4 10.22 90.0
147.59 72.28 228.0 0.79 22.4 11.1 42.0
147.38 55.58 30.0 0.53 25.0 15.3 63.0
147.41 32.21 66.0 0.9 24.1 14.0 30.0
147.46 0.61 168.0 0.54 27.6 12.5 62.0
177.75 -28.81 228.0 0.7 25.8 10.83 50.0
147.58 31.48 108.0 0.4 6.5 13.94 72.0
147.52 12.81 168.0 0.6 22.9 12.5 58.0
147.72 28.54 120.0 0.3 24.5 11.92 80.0
147.74 33.54 90.0 0.64 25.1 12.6 55.0
147.81 -32.75 156.0 0.52 35.5 11.8 64.0
148.02 29.23 126.0 0.85 24.5 12.58 35.0
147.55 -73.91 270.0 1.0 14.8 11.1 0.0
148.28 16.68 192.0 0.66 22.8 12.02 53.0
148.42 1.58 186.0 0.2 20.6 11.83 90.0
148.89 72.21 240.0 0.54 19.5 11.0 62.0
148.89 69.06 1218.0 0.57 1.4 4.35 60.0
148.96 69.67 624.0 0.49 5.2 9.15 66.0
148.62 -25.68 222.0 0.64 29.6 11.8 55.0
148.63 -28.3 120.0 0.63 13.4 12.62 56.0
148.82 4.26 120.0 0.67 26.9 12.48 52.0
148.86 8.39 60.0 0.6 20.4 14.9 58.0
148.79 -33.15 228.0 0.8 39.4 12.0 41.0
149.17 28.82 132.0 0.47 5.9 14.43 67.0
149.38 33.61 54.0 0.71 24.9 14.5 49.0
149.52 37.29 126.0 0.38 23.4 13.4 74.0
149.58 32.37 108.0 0.4 24.2 12.24 72.0
149.59 -26.92 126.0 0.83 33.4 11.99 37.0
149.82 30.74 276.0 0.67 1.0 12.49 52.0
149.79 -34.22 120.0 0.9 34.9 12.02 29.0
149.88 -22.82 132.0 0.85 32.5 12.51 35.0
150.0 5.32 306.0 0.7 1.6 11.69 50.0
149.91 -28.32 108.0 0.57 35.1 12.7 60.0
150.22 55.62 78.0 0.92 19.3 13.4 27.0
150.47 72.17 126.0 0.95 31.3 12.87 22.0
150.55 72.12 78.0 1.0 32.4 13.47 0.0
150.02 -31.55 258.0 0.5 35.8 11.8 65.0
150.49 55.7 330.0 0.22 20.4 8.07 88.0
150.42 37.25 114.0 0.44 25.8 13.7 70.0
150.43 33.12 120.0 0.6 24.2 13.9 58.0
150.84 68.74 318.0 0.77 2.1 10.46 43.0
150.57 24.7 120.0 0.28 22.4 12.76 81.0
150.77 -26.15 1068.0 0.21 1.8 9.6 89.0
150.98 40.75 192.0 0.67 9.4 12.5 52.0
151.68 80.27 156.0 0.84 25.7 13.34 37.0
151.37 70.37 84.0 0.79 9.0 14.7 42.0
150.94 -27.57 150.0 0.72 37.2 12.58 48.0
151.09 13.62 60.0 0.89 38.9 13.5 31.0
151.29 -7.72 366.0 0.49 6.7 9.94 66.0
151.56 28.95 42.0 0.91 23.6 14.5 28.0
151.44 -67.37 168.0 0.67 20.5 11.16 53.0
151.86 12.27 78.0 0.65 40.5 13.7 54.0
152.01 53.08 168.0 0.15 20.3 10.5 90.0
152.03 51.83 150.0 0.93 19.9 13.1 25.0
152.36 30.15 114.0 0.9 23.4 14.64 29.0
152.75 -4.68 258.0 0.83 1.3 11.74 38.0
153.17 3.13 108.0 0.63 18.6 12.8 55.0
153.21 12.66 120.0 0.48 40.2 11.51 67.0
153.39 22.73 192.0 0.84 22.2 12.02 37.0
153.44 3.43 246.0 0.6 22.0 11.49 58.0
153.48 7.01 156.0 0.64 19.9 13.3 55.0
153.54 3.46 270.0 0.58 19.7 11.03 59.0
153.69 -28.86 246.0 0.24 14.9 11.32 85.0
154.23 73.4 258.0 0.86 40.9 11.33 34.0
153.97 2.68 114.0 0.54 20.5 14.0 62.0
154.11 45.31 36.0 0.66 27.1 15.4 53.0
154.13 21.11 96.0 0.83 21.1 12.87 38.0
154.41 21.68 114.0 0.63 21.3 12.71 55.0
154.43 21.88 168.0 0.47 26.1 13.2 67.0
154.54 41.41 444.0 0.93 8.7 10.37 26.0
154.53 21.83 210.0 0.42 22.4 11.47 71.0
154.61 21.89 162.0 1.0 23.2 11.78 0.0
154.93 45.56 438.0 0.42 10.8 8.67 71.0
154.88 -26.7 132.0 0.19 32.6 12.56 90.0
154.93 -25.85 126.0 0.84 40.0 13.21 37.0
155.22 25.36 42.0 0.67 24.2 13.8 52.0
155.44 56.94 162.0 0.7 21.0 12.3 50.0
155.41 -34.25 216.0 0.65 38.1 11.2 54.0
156.0 70.88 186.0 0.69 19.1 12.48 51.0
155.85 19.89 162.0 0.88 23.4 12.27 31.0
155.88 19.86 330.0 0.72 20.6 11.4 48.0
156.27 58.14 120.0 0.55 33.6 11.47 61.0
156.17 14.74 144.0 0.68 23.4 14.09 52.0
156.06 -32.48 132.0 0.71 37.9 13.25 49.0
156.27 17.16 312.0 0.7 8.1 12.2 50.0
156.67 3.86 126.0 0.64 31.9 12.9 55.0
156.75 28.62 144.0 0.11 23.1 14.3 90.0
156.64 -39.93 114.0 0.75 37.4 11.61 45.0
156.82 28.51 174.0 0.67 22.2 11.66 52.0
157.12 68.41 714.0 0.63 2.7 10.05 55.0
156.96 -43.9 450.0 0.36 37.4 11.44 75.0
157.07 -31.5 126.0 1.0 41.4 13.14 0.0
157.32 29.49 234.0 0.33 23.6 9.58 78.0
157.21 -35.6 102.0 0.88 37.5 12.55 32.0
157.59 70.06 192.0 0.62 30.8 13.56 56.0
157.25 -44.65 252.0 0.8 33.4 11.5 41.0
157.51 -35.32 114.0 0.73 37.5 12.59 47.0
157.81 43.12 144.0 0.75 41.6 13.6 45.0
157.79 4.47 138.0 0.21 19.4 13.2 89.0
157.73 -36.74 174.0 1.0 42.4 12.1 0.0
158.14 65.04 120.0 0.55 28.7 12.7 61.0
158.09 56.07 168.0 0.47 17.9 12.05 67.0
158.13 54.39 66.0 0.91 24.9 13.5 28.0
158.07 27.65 114.0 0.56 5.9 12.87 60.0
158.22 28.5 144.0 0.92 25.0 12.48 26.0
158.6 73.75 102.0 0.39 20.8 13.5 73.0
158.69 50.75 120.0 0.63 11.3 14.4 56.0
158.7 21.64 114.0 0.51 20.6 12.6 64.0
158.84 -24.75 294.0 0.77 14.2 12.98 44.0
159.06 37.32 180.0 0.52 26.7 9.45 63.0
159.11 12.69 120.0 0.86 5.4 13.2 34.0
159.17 31.55 108.0 0.64 6.9 14.3 55.0
159.16 14.17 108.0 0.51 42.9 13.1 64.0
159.23 21.87 156.0 0.36 23.3 12.23 75.0
159.49 64.29 42.0 1.0 27.1 14.8 0.0
159.26 -27.55 168.0 0.4 48.6 12.1 72.0
159.32 -41.62 132.0 0.55 37.9 11.9 61.0
159.69 53.5 210.0 0.93 18.7 11.27 25.0
159.82 41.67 360.0 0.61 11.5 10.38 57.0
159.89 47.38 114.0 0.49 35.9 10.82 66.0
160.32 -23.37 162.0 0.61 16.8 13.67 57.0
160.57 47.77 42.0 0.33 26.3 14.8 78.0
160.53 13.75 306.0 0.54 22.8 9.02 62.0
160.65 34.45 288.0 0.86 8.0 13.57 34.0
160.77 20.42 84.0 0.33 23.2 14.8 78.0
160.69 -36.34 216.0 0.59 38.5 12.12 58.0
161.16 76.8 120.0 0.63 30.3 12.3 56.0
160.88 24.92 396.0 0.94 6.1 10.45 23.0
160.91 14.87 156.0 0.96 22.4 12.4 19.0
161.1 60.37 120.0 1.0 19.3 15.32 0.0
160.98 11.7 414.0 0.62 8.1 10.28 56.0
160.89 -36.39 180.0 0.58 38.3 12.55 60.0
161.1 56.42 120.0 0.7 16.3 14.2 50.0
161.35 55.95 90.0 0.76 16.8 13.2 45.0
161.66 63.23 384.0 0.63 19.2 9.25 55.0
161.56 1.81 186.0 0.21 10.7 10.96 89.0
161.63 13.75 138.0 0.96 43.6 11.99 19.0
161.7 11.81 372.0 0.7 8.1 9.92 50.0
161.76 17.26 156.0 0.62 23.4 12.0 56.0
161.83 14.06 108.0 0.95 5.1 14.13 21.0
161.93 13.98 294.0 0.65 8.1 10.99 54.0
161.96 12.58 324.0 0.93 8.1 10.15 25.0
162.06 12.63 288.0 0.5 8.1 10.81 65.0
162.01 -31.53 162.0 0.22 38.0 12.45 87.0
162.11 12.53 150.0 0.45 22.5 11.94 69.0
162.27 52.33 42.0 0.59 36.3 14.4 59.0
162.38 65.53 174.0 1.0 7.1 15.19 0.0
162.44 32.98 102.0 0.6 27.4 12.19 58.0
162.47 32.98 174.0 0.41 28.0 12.2 71.0
162.62 19.65 84.0 0.61 22.8 14.63 57.0
162.73 13.41 192.0 0.59 8.1 11.4 59.0
162.82 44.56 36.0 0.6 29.2 13.6 58.0
162.81 27.98 192.0 0.87 24.9 11.75 33.0
162.82 5.85 234.0 0.85 10.9 11.5 35.0
162.83 13.95 54.0 0.86 43.4 13.4 34.0
163.14 67.98 108.0 0.8 20.6 14.4 41.0
163.0 10.15 222.0 0.91 39.5 12.4 28.0
163.04 32.95 222.0 0.57 26.7 9.58 60.0
163.12 36.63 222.0 0.27 7.8 10.13 82.0
163.15 22.93 132.0 0.36 23.4 12.2 75.0
163.28 50.28 54.0 0.43 22.8 14.3 71.0
163.47 73.68 174.0 0.47 21.6 12.3 67.0
163.24 17.56 132.0 0.5 21.1 12.43 65.0
163.29 33.91 48.0 0.79 28.8 13.2 42.0
163.21 -32.93 174.0 0.25 43.2 12.6 84.0
163.34 16.76 210.0 0.59 20.1 12.5 59.0
163.63 56.98 102.0 0.9 32.4 12.76 29.0
163.65 54.31 228.0 0.33 24.5 12.15 78.0
163.61 17.35 108.0 0.25 21.3 13.3 85.0
163.64 17.28 150.0 0.67 20.5 12.5 52.0
163.76 49.73 66.0 0.82 24.3 13.9 39.0
163.86 17.13 84.0 0.93 20.3 14.8 25.0
164.01 57.11 84.0 0.59 29.5 13.2 59.0
164.77 61.53 102.0 0.51 33.0 12.7 64.0
165.08 13.89 198.0 0.62 6.4 11.13 56.0
165.13 28.98 360.0 0.73 7.4 10.75 47.0
165.29 3.61 204.0 0.25 12.8 10.03 85.0
165.63 16.73 114.0 0.39 20.5 13.4 73.0
165.71 17.98 150.0 0.16 21.7 10.21 90.0
165.8 27.98 150.0 0.85 26.5 11.74 35.0
165.86 18.13 186.0 0.84 19.8 11.4 37.0
165.81 -23.1 336.0 0.33 15.5 10.8 77.0
165.92 28.88 174.0 0.25 7.9 11.52 85.0
165.93 -23.23 192.0 0.83 17.0 11.7 38.0
166.0 28.03 90.0 0.97 25.0 12.98 17.0
166.44 -0.03 630.0 0.56 7.2 6.48 61.0
166.46 19.81 114.0 1.0 24.3 14.75 0.0
166.7 72.56 138.0 0.86 38.9 12.36 34.0
166.58 17.49 108.0 0.9 43.0 14.1 29.0
166.69 51.19 126.0 0.52 34.7 13.4 64.0
166.7 43.72 156.0 0.57 12.3 13.3 60.0
166.81 18.56 114.0 0.28 23.0 14.1 81.0
167.39 -37.35 132.0 0.24 38.2 12.78 85.0
167.47 10.72 108.0 0.47 26.5 12.86 67.0
167.48 -23.7 192.0 0.85 29.5 12.3 36.0
167.49 -37.53 222.0 0.78 41.5 10.91 43.0
167.74 53.39 150.0 0.35 43.0 10.06 76.0
167.64 -37.55 114.0 0.57 37.6 12.76 60.0
167.9 55.67 354.0 0.29 14.1 8.04 81.0
168.34 53.59 108.0 0.76 18.1 14.5 45.0
168.31 -26.75 252.0 0.58 21.6 10.74 59.0
168.46 21.51 96.0 0.28 26.1 14.5 81.0
168.55 48.32 150.0 0.76 34.0 11.6 45.0
168.65 12.81 240.0 0.45 5.5 11.7 69.0
168.75 14.79 246.0 1.0 23.0 11.5 0.0
168.93 41.59 180.0 0.28 10.5 10.64 81.0
168.97 -33.95 126.0 0.45 40.1 13.36 69.0
169.18 18.02 72.0 0.52 16.8 13.1 63.0
169.23 18.06 294.0 0.9 19.9 10.95 30.0
169.25 18.16 192.0 0.84 23.4 11.9 36.0
169.37 4.56 162.0 1.0 27.3 12.67 0.0
169.56 45.75 234.0 0.64 36.5 11.9 55.0
169.6 58.79 156.0 0.96 29.2 11.6 20.0
169.55 18.84 72.0 0.92 22.6 13.6 26.0
169.64 57.99 192.0 0.54 32.9 11.6 62.0
169.58 -32.84 828.0 0.5 7.1 7.35 65.0
169.72 13.1 378.0 0.28 7.3 6.69 81.0
169.84 57.75 216.0 0.77 27.9 12.6 44.0
170.0 18.35 168.0 0.73 26.3 11.7 48.0
170.04 2.52 138.0 0.64 26.9 13.2 55.0
170.05 13.0 414.0 0.51 6.6 6.67 65.0
170.06 2.95 102.0 0.44 25.9 12.7 70.0
170.07 13.6 636.0 0.22 7.7 6.9 87.0
170.14 26.95 120.0 0.78 26.8 12.5 43.0
170.15 -10.25 96.0 0.94 28.2 12.6 23.0
170.28 53.19 312.0 0.85 21.6 10.98 36.0
170.26 3.24 300.0 0.9 24.2 11.14 30.0
170.57 59.07 324.0 0.83 27.5 11.54 38.0
170.65 37.75 132.0 0.31 33.5 12.1 79.0
170.72 16.59 90.0 0.66 26.5 12.15 53.0
170.84 50.9 144.0 0.28 17.0 12.33 81.0
170.9 53.84 108.0 1.0 42.6 12.9 0.0
170.93 17.8 108.0 0.53 24.5 12.5 63.0
170.97 52.92 168.0 1.0 22.4 12.2 0.0
171.09 3.32 114.0 0.9 24.4 13.0 29.0
171.09 11.34 198.0 0.3 17.0 9.77 80.0
171.17 38.75 222.0 0.86 32.4 11.7 34.0
171.25 -9.79 192.0 0.47 28.4 11.1 67.0
171.35 57.72 102.0 0.27 31.5 12.3 82.0
171.29 -26.72 228.0 0.7 27.6 12.0 50.0
171.55 43.59 306.0 0.58 12.8 7.72 59.0
171.6 16.85 156.0 0.66 24.2 12.25 53.0
171.64 53.74 216.0 0.67 17.0 12.7 52.0
171.68 59.15 54.0 0.66 23.7 14.1 53.0
171.7 64.14 108.0 0.53 19.0 14.1 63.0
171.8 17.02 156.0 0.66 23.4 12.15 53.0
172.0 78.99 90.0 0.6 1.4 14.3 58.0
171.87 56.87 108.0 0.43 28.4 12.4 71.0
171.92 17.22 168.0 0.79 23.5 11.92 42.0
171.98 29.5 114.0 1.0 37.2 12.6 0.0
172.06 25.65 102.0 0.63 41.2 12.83 55.0
172.01 -36.52 150.0 0.63 39.6 13.39 56.0
172.21 35.4 72.0 0.83 35.4 13.5 38.0
172.34 34.85 108.0 0.53 38.8 14.3 63.0
172.43 -36.4 174.0 0.53 40.5 11.9 63.0
172.52 9.24 240.0 0.48 17.0 8.51 67.0
172.89 -30.3 270.0 0.19 24.6 7.95 90.0
173.16 53.07 498.0 0.49 17.0 10.96 66.0
173.19 39.07 120.0 1.0 27.3 14.3 0.0
173.3 63.29 132.0 0.3 23.0 12.4 80.0
173.35 47.04 306.0 0.7 17.0 8.87 50.0
173.38 49.24 78.0 0.57 4.0 13.6 60.0
173.46 53.14 180.0 0.73 17.0 11.9 47.0
173.56 -9.84 78.0 0.92 26.9 13.1 26.0
173.73 54.85 228.0 0.5 22.1 11.09 65.0
173.93 54.5 192.0 0.87 4.3 12.05 33.0
174.02 70.52 180.0 0.25 41.0 9.2 85.0
174.13 36.4 174.0 0.43 27.6 11.18 71.0
174.18 54.28 240.0 0.54 23.5 9.65 62.0
174.42 47.88 150.0 0.35 17.0 11.2 76.0
174.44 47.88 54.0 0.37 17.0 14.0 74.0
174.54 12.1 90.0 0.8 17.0 12.9 41.0
174.74 -37.74 102.0 0.94 38.5 12.4 23.0
174.81 46.5 78.0 0.54 17.0 11.7 62.0
174.85 58.27 168.0 0.82 21.6 13.3 39.0
174.85 56.25 168.0 0.82 37.2 11.7 39.0
174.93 31.9 114.0 0.54 41.6 12.7 62.0
174.93 31.93 90.0 0.37 36.5 12.7 74.0
175.01 45.92 198.0 1.0 17.0 12.9 0.0
175.06 9.0 66.0 0.28 29.5 13.5 81.0
175.1 28.38 54.0 0.48 44.0 14.3 67.0
175.2 35.2 42.0 0.53 26.9 14.4 63.0
175.22 56.18 138.0 0.71 24.7 13.0 49.0
175.24 11.47 216.0 0.71 16.9 11.03 49.0
175.33 36.53 114.0 0.61 26.4 9.87 57.0
175.44 15.97 42.0 0.64 17.9 14.3 55.0
175.48 -6.16 114.0 0.69 25.1 12.6 50.0
175.59 51.6 138.0 0.17 17.0 12.07 90.0
175.59 18.32 138.0 0.33 17.2 13.1 78.0
176.04 55.03 126.0 0.87 25.3 13.3 33.0
176.12 69.73 54.0 0.6 39.1 13.7 58.0
176.11 48.83 114.0 0.86 17.0 14.1 34.0
176.39 55.87 114.0 0.49 21.8 13.5 66.0
176.53 47.48 228.0 0.25 17.0 8.63 85.0
176.7 -27.92 144.0 0.33 27.8 11.98 77.0
176.78 -16.86 198.0 0.9 19.3 11.52 30.0
176.89 55.95 102.0 0.84 37.5 12.7 37.0
177.01 -10.96 138.0 0.65 27.2 12.4 54.0
177.18 48.72 228.0 0.57 17.0 8.77 60.0
177.21 -2.02 156.0 0.33 28.4 13.0 78.0
177.29 27.02 186.0 0.52 29.4 12.14 63.0
177.3 -29.27 132.0 0.72 23.4 11.73 48.0
177.33 56.08 264.0 0.75 21.9 11.61 46.0
177.52 26.48 102.0 0.6 30.0 12.8 58.0
177.65 55.35 168.0 0.94 17.0 12.7 23.0
177.68 56.45 96.0 0.83 17.0 14.12 38.0
177.7 51.83 210.0 0.26 17.0 9.98 84.0
177.7 38.87 222.0 0.47 3.1 13.15 67.0
177.7 45.8 108.0 0.47 17.0 12.77 67.0
177.92 38.0 240.0 0.8 18.5 12.3 41.0
177.95 48.68 96.0 1.0 17.0 13.0 0.0
178.03 52.1 168.0 0.85 17.0 14.25 35.0
178.11 -26.91 192.0 0.16 29.0 9.97 90.0
178.15 50.02 114.0 0.95 17.0 14.6 21.0
178.2 44.12 294.0 0.95 17.0 10.89 22.0
178.22 36.98 216.0 0.7 18.9 11.4 49.0
178.3 60.67 354.0 0.63 22.5 11.46 55.0
178.41 -3.99 54.0 0.33 27.0 12.2 77.0
178.42 47.85 150.0 0.64 17.0 9.44 55.0
178.45 52.33 312.0 0.56 17.0 7.93 61.0
178.48 -20.57 204.0 0.3 25.1 10.65 80.0
178.48 -23.16 156.0 0.29 20.6 12.39 81.0
178.51 -19.57 150.0 0.18 27.5 12.91 90.0
178.56 0.13 54.0 0.89 15.4 13.6 31.0
178.66 -13.97 198.0 0.91 28.0 11.5 29.0
178.89 31.53 108.0 0.64 5.9 14.58 55.0
178.92 55.32 174.0 0.28 17.0 10.43 81.0
178.91 1.25 144.0 0.89 30.5 13.2 31.0
178.99 6.75 162.0 0.35 37.7 9.14 76.0
179.03 -19.87 504.0 0.67 26.0 12.2 53.0
179.07 58.18 126.0 0.5 24.4 14.2 65.0
179.12 50.42 246.0 0.66 17.0 12.5 53.0
179.12 55.12 144.0 0.92 17.0 11.7 26.0
179.17 48.32 72.0 0.67 8.3 12.9 52.0
179.19 53.17 108.0 0.4 17.0 12.03 72.0
179.32 49.27 246.0 0.96 17.0 12.7 19.0
179.39 53.37 396.0 0.59 17.0 7.96 59.0
179.39 55.45 84.0 0.59 17.0 13.4 59.0
179.47 55.45 192.0 0.84 21.6 11.55 36.0
179.59 38.07 288.0 0.53 18.7 12.9 63.0
179.63 -18.34 108.0 0.9 25.9 12.61 29.0
179.64 47.25 168.0 0.26 17.0 10.41 84.0
179.64 43.95 210.0 0.26 17.0 8.48 84.0
179.64 42.73 144.0 0.85 17.0 12.76 35.0
179.71 30.4 108.0 0.53 8.0 12.8 63.0
179.71 42.72 156.0 0.52 17.0 12.53 64.0
179.79 52.7 228.0 0.75 17.0 11.66 45.0
179.86 -19.26 192.0 0.77 25.6 11.5 44.0
179.86 50.95 222.0 0.26 17.0 11.68 83.0
180.09 -1.09 228.0 0.78 25.9 11.8 43.0
180.14 -17.84 132.0 0.48 23.9 12.4 66.0
180.34 13.38 162.0 0.9 17.2 12.4 29.0
180.36 61.88 198.0 0.4 24.6 11.39 72.0
180.43 62.33 84.0 0.34 21.2 13.7 77.0
180.46 -18.86 594.0 0.53 25.5 10.98 63.0
180.56 62.13 162.0 1.0 22.7 11.7 0.0
180.66 64.37 72.0 0.52 25.4 14.1 63.0
180.69 1.98 162.0 0.7 31.5 12.52 50.0
180.74 -16.36 138.0 0.73 28.8 11.8 48.0
180.78 44.52 312.0 0.85 17.0 10.9 36.0
181.01 20.22 78.0 0.76 14.6 14.2 45.0
181.01 31.9 228.0 0.46 9.7 9.27 68.0
181.01 52.58 156.0 0.64 3.8 12.6 55.0
181.03 20.22 78.0 0.92 16.0 13.5 27.0
181.03 18.43 204.0 0.47 16.9 11.82 67.0
181.05 62.5 120.0 0.95 23.3 13.5 21.0
181.33 50.35 126.0 0.34 17.0 10.01 77.0
181.38 50.53 264.0 0.41 17.0 8.42 71.0
181.44 -27.94 150.0 0.25 26.7 11.7 84.0
181.46 -14.54 204.0 0.41 23.3 10.19 71.0
181.48 43.13 150.0 0.29 17.0 11.88 81.0
181.5 47.47 294.0 0.28 8.8 8.79 82.0
181.53 49.58 252.0 0.38 17.0 8.82 74.0
181.58 52.7 168.0 0.63 17.0 12.13 56.0
181.66 -29.76 120.0 0.74 27.1 11.8 46.0
181.69 -29.76 108.0 0.65 30.6 12.13 54.0
181.75 43.07 204.0 0.23 17.0 11.5 87.0
181.91 2.68 198.0 0.69 25.0 10.64 51.0
181.94 67.38 48.0 1.0 35.4 14.4 0.0
181.97 65.12 30.0 0.88 25.5 14.3 31.0
182.03 10.37 228.0 0.46 16.8 9.35 68.0
182.04 2.88 264.0 0.82 25.3 11.77 39.0
182.02 65.17 384.0 0.84 24.2 10.57 36.0
182.1 76.8 168.0 0.54 29.8 10.49 62.0
182.14 68.77 138.0 0.38 36.4 12.7 74.0
182.18 36.8 186.0 0.2 22.0 13.0 90.0
182.21 -9.04 102.0 0.25 21.2 12.38 84.0
182.31 29.92 240.0 1.0 9.7 11.7 0.0
182.38 43.68 168.0 0.6 17.0 12.3 58.0
182.37 53.1 114.0 0.54 22.1 12.15 62.0
182.4 42.53 174.0 0.63 17.0 12.1 55.0
182.5 39.88 324.0 0.69 20.7 9.7 51.0
182.5 46.45 288.0 0.28 4.1 10.25 81.0
182.57 -29.74 228.0 0.33 30.2 10.46 77.0
182.63 30.4 120.0 0.67 9.7 12.45 52.0
182.63 39.4 366.0 0.87 20.3 11.08 33.0
182.66 16.03 132.0 0.88 34.5 12.34 32.0
182.66 18.82 120.0 0.09 37.8 14.2 90.0
182.63 70.37 60.0 0.22 34.5 15.0 87.0
182.7 39.47 90.0 0.94 15.5 13.93 23.0
182.73 39.75 96.0 0.28 22.9 14.3 81.0
182.78 20.17 102.0 0.95 38.9 12.6 21.0
182.77 50.48 294.0 0.2 17.0 8.28 90.0
182.95 24.12 132.0 0.6 38.5 11.99 58.0
183.03 36.17 126.0 0.96 2.1 13.0 19.0
183.06 13.2 180.0 0.78 16.8 12.2 43.0
183.08 29.18 198.0 0.19 9.7 12.4 90.0
183.13 12.12 138.0 0.71 16.8 13.1 49.0
183.18 10.87 240.0 0.35 16.8 10.09 76.0
183.21 1.3 192.0 0.28 24.5 11.78 81.0
183.22 52.27 78.0 0.54 17.0 14.4 62.0
183.32 43.68 216.0 0.14 17.0 10.6 90.0
183.43 14.88 396.0 0.26 16.8 7.69 83.0
183.42 36.63 114.0 0.95 2.8 13.2 21.0
183.43 13.43 150.0 0.83 16.8 12.41 37.0
183.53 7.77 144.0 0.93 24.9 13.8 25.0
183.54 54.52 138.0 0.7 39.1 12.95 49.0
183.66 12.8 72.0 0.4 16.8 14.5 72.0
183.75 35.95 90.0 0.66 20.2 13.9 53.0
183.77 33.2 204.0 0.93 9.7 11.55 26.0
183.8 20.65 264.0 1.0 7.9 12.7 0.0
183.81 13.02 222.0 0.19 16.8 10.27 90.0
183.83 5.75 30.0 0.67 35.1 15.0 53.0
183.84 51.37 102.0 0.44 7.8 14.0 70.0
183.87 43.42 114.0 0.39 7.5 13.9 73.0
183.91 13.9 168.0 0.59 16.8 11.57 58.0
183.9 36.32 558.0 0.84 3.5 10.14 37.0
183.93 10.68 96.0 0.11 16.8 14.1 90.0
183.94 47.08 240.0 0.33 17.0 8.59 78.0
183.94 48.13 60.0 0.57 25.3 13.2 60.0
183.98 6.4 90.0 0.43 35.1 13.1 70.0
183.98 13.15 342.0 0.21 16.8 7.26 89.0
184.04 47.88 204.0 0.39 17.0 12.2 73.0
184.1 -43.32 216.0 0.32 27.1 11.1 78.0
184.13 7.45 102.0 0.49 35.1 12.65 66.0
184.16 69.47 966.0 0.39 2.2 9.03 73.0
184.28 7.18 168.0 0.25 35.1 11.98 84.0
184.28 7.62 132.0 0.5 35.1 13.08 65.0
184.28 3.68 78.0 0.92 32.9 13.47 26.0
184.31 15.32 126.0 0.67 16.8 12.26 52.0
184.34 45.62 288.0 0.7 7.5 11.47 50.0
184.38 22.53 216.0 0.07 3.8 13.1 90.0
184.37 37.8 666.0 0.11 3.1 8.68 90.0
184.4 29.6 198.0 0.95 9.7 12.19 21.0
184.46 47.4 156.0 0.45 7.3 13.19 69.0
184.49 0.43 126.0 0.68 17.6 13.9 52.0
184.52 28.17 210.0 0.58 9.7 11.53 60.0
184.71 14.42 300.0 0.87 16.8 10.29 33.0
184.69 65.9 180.0 0.21 39.1 11.7 89.0
184.76 8.85 114.0 0.56 16.8 13.9 60.0
184.74 47.3 852.0 0.42 6.8 6.07 71.0
184.78 3.85 36.0 0.81 14.6 14.3 40.0
184.83 6.1 120.0 0.59 35.1 12.44 59.0
184.83 5.82 234.0 0.93 35.1 7.95 26.0
184.88 14.87 126.0 0.95 16.8 12.32 22.0
184.93 12.8 168.0 0.94 16.8 11.72 23.0
184.96 5.47 102.0 0.49 35.1 9.96 66.0
184.98 5.33 138.0 0.63 35.1 12.15 55.0
184.97 27.62 60.0 1.0 36.7 13.4 0.0
184.97 29.6 330.0 0.41 9.7 10.71 72.0
185.02 29.28 228.0 1.0 9.7 11.11 0.0
185.08 5.38 162.0 0.55 35.1 12.21 61.0
185.07 29.3 72.0 1.0 9.7 12.91 0.0
185.07 75.37 126.0 0.85 29.4 12.12 35.0
185.16 46.3 156.0 0.64 8.0 13.09 55.0
185.2 58.08 138.0 0.78 42.1 12.4 43.0
185.3 18.38 324.0 0.49 17.0 11.11 66.0
185.31 45.82 144.0 0.63 6.7 13.27 56.0
185.33 11.5 144.0 0.41 16.8 10.72 72.0
185.38 14.6 156.0 0.6 16.8 11.79 58.0
185.43 14.6 204.0 0.21 16.8 11.79 89.0
185.43 11.5 108.0 1.0 16.8 12.83 0.0
185.48 4.47 354.0 0.97 15.2 10.2 17.0
185.47 30.05 60.0 0.88 9.7 14.1 31.0
185.53 9.03 144.0 0.23 16.8 12.5 86.0
185.55 -33.52 222.0 1.0 36.0 12.46 0.0
185.44 75.32 174.0 0.77 28.2 12.0 44.0
185.6 29.2 132.0 0.53 9.7 12.8 63.0
185.65 29.88 258.0 0.98 9.7 11.28 15.0
185.68 8.2 54.0 0.76 16.8 14.0 45.0
185.6 76.18 108.0 0.31 26.6 13.8 79.0
185.73 15.82 360.0 0.87 16.8 10.0 37.0
185.78 5.25 156.0 0.42 35.1 12.6 71.0
185.88 6.08 144.0 0.94 25.5 12.35 23.0
185.9 -34.62 144.0 0.4 37.0 11.7 72.0
185.86 46.98 174.0 0.42 17.0 12.2 71.0
185.91 7.05 72.0 0.59 16.8 13.54 58.0
185.9 16.72 168.0 0.96 16.8 11.96 20.0
185.93 12.47 114.0 0.86 16.8 13.6 34.0
185.96 -3.44 150.0 0.23 33.8 11.9 86.0
185.98 16.68 168.0 0.62 16.8 8.42 56.0
186.0 12.2 108.0 0.76 16.8 12.67 45.0
186.03 6.6 54.0 1.0 21.8 14.1 0.0
186.02 31.52 162.0 0.31 9.7 11.22 79.0
186.06 4.22 48.0 0.39 22.6 14.9 73.0
186.11 7.32 372.0 0.76 16.8 7.36 45.0
186.07 67.43 42.0 0.7 16.1 15.38 50.0
186.14 39.38 144.0 1.0 21.6 11.8 0.0
186.08 70.33 222.0 1.0 11.1 13.09 0.0
186.12 75.52 168.0 0.62 28.1 12.3 56.0
186.23 11.7 258.0 0.48 16.8 8.43 66.0
186.25 12.88 384.0 0.93 16.8 6.99 26.0
186.31 4.92 186.0 0.94 35.1 12.2 23.0
186.3 14.75 96.0 0.79 16.8 9.45 42.0
186.3 15.6 108.0 0.84 16.8 12.46 37.0
186.33 10.0 180.0 0.66 16.8 9.76 53.0
186.29 54.5 84.0 0.81 36.6 13.2 40.0
186.35 18.18 432.0 0.82 16.8 7.06 39.0
186.35 16.47 108.0 0.51 16.8 12.5 64.0
186.38 45.68 144.0 0.72 17.0 12.4 48.0
186.44 0.57 102.0 0.62 33.5 12.84 56.0
186.43 7.22 138.0 0.14 16.8 10.67 90.0
186.43 2.15 60.0 0.4 15.1 14.8 72.0
186.43 12.8 90.0 0.68 16.8 9.89 51.0
186.45 27.55 198.0 0.87 9.7 12.4 33.0
186.45 12.65 270.0 0.31 16.8 8.78 79.0
186.48 18.2 204.0 0.95 16.8 11.64 22.0
186.47 33.53 798.0 0.83 3.6 10.64 38.0
186.55 12.93 546.0 0.64 16.8 6.99 55.0
186.55 48.49 54.0 0.89 4.7 14.5 31.0
186.54 58.3 180.0 0.61 15.0 13.8 57.0
186.63 8.87 138.0 0.96 16.8 13.54 19.0
186.63 12.6 138.0 0.73 16.8 12.8 47.0
186.62 31.22 246.0 0.7 9.7 7.82 50.0
186.66 3.95 96.0 0.89 35.6 13.0 31.0
186.68 9.57 180.0 0.49 16.8 12.0 66.0
186.7 11.57 96.0 0.72 16.8 14.9 48.0
186.71 8.87 180.0 1.0 16.8 13.02 0.0
186.73 15.04 144.0 0.36 16.8 11.41 75.0
186.73 2.49 114.0 0.49 13.9 12.5 66.0
186.75 15.45 138.0 0.75 16.8 12.31 45.0
186.78 5.87 96.0 0.19 23.0 13.6 90.0
186.76 37.14 234.0 0.7 2.8 14.09 50.0
186.78 15.9 114.0 0.61 16.8 13.9 57.0
186.81 7.25 180.0 0.83 16.8 13.2 38.0
186.81 9.42 180.0 0.53 16.8 12.02 63.0
186.8 12.74 138.0 0.4 16.8 9.66 73.0
186.87 -8.17 90.0 0.37 43.3 12.4 74.0
186.85 11.1 282.0 0.47 16.8 7.66 67.0
186.91 -39.34 156.0 0.83 39.9 11.77 37.0
186.92 -8.27 102.0 0.41 41.8 12.3 71.0
186.9 13.07 192.0 0.77 16.8 8.1 44.0
186.91 43.49 234.0 0.7 3.0 12.77 50.0
186.95 13.0 432.0 0.32 16.8 7.74 78.0
187.01 9.8 216.0 0.39 16.8 7.75 73.0
187.07 28.62 192.0 0.41 9.7 11.5 71.0
187.05 44.09 306.0 0.77 3.0 9.76 43.0
187.13 17.09 282.0 0.7 16.8 8.03 50.0
187.11 37.22 108.0 0.53 3.5 14.71 63.0
187.16 9.25 90.0 0.68 16.8 13.3 51.0
187.18 11.75 126.0 0.24 16.8 13.1 86.0
187.16 35.72 96.0 0.72 3.7 14.8 48.0
187.17 22.82 132.0 0.41 6.2 11.57 71.0
187.21 -1.94 144.0 0.89 35.7 12.9 31.0
187.18 43.22 216.0 0.89 7.6 13.68 31.0
187.23 3.57 186.0 0.84 17.4 11.65 37.0
187.23 13.24 102.0 0.94 16.8 10.04 23.0
187.2 44.87 210.0 0.3 8.1 12.3 80.0
187.26 2.72 114.0 0.54 14.6 14.0 62.0
187.25 13.97 240.0 0.77 16.8 7.93 43.0
187.25 13.19 168.0 0.43 16.8 8.67 70.0
187.33 -23.17 180.0 0.39 27.7 11.7 73.0
187.33 8.15 60.0 0.72 16.8 9.92 48.0
187.36 8.74 150.0 0.38 16.8 12.4 74.0
187.38 7.99 36.0 0.79 16.8 15.4 42.0
187.43 8.0 660.0 0.85 16.8 6.18 35.0
187.45 13.42 264.0 0.63 16.8 7.57 56.0
187.48 14.07 132.0 0.7 16.8 9.52 50.0
187.5 12.35 102.0 0.74 16.8 10.16 46.0
187.5 13.64 222.0 0.92 16.8 11.26 26.0
187.47 47.52 180.0 0.51 5.8 13.5 64.0
187.58 12.32 114.0 0.85 16.8 8.9 35.0
187.58 13.57 102.0 0.94 16.8 10.55 24.0
187.63 12.49 42.0 1.0 16.8 14.25 0.0
187.65 9.02 90.0 0.62 16.8 13.2 56.0
187.65 41.69 126.0 0.68 9.3 12.19 51.0
187.7 12.39 552.0 0.74 16.8 6.56 47.0
187.68 41.64 288.0 0.5 7.8 9.91 65.0
187.74 -8.07 216.0 0.72 19.9 11.3 49.0
187.76 8.07 126.0 1.0 16.8 13.2 0.0
187.84 25.77 300.0 0.96 9.7 10.7 20.0
187.88 14.85 60.0 0.14 16.8 14.1 90.0
187.91 3.92 210.0 0.77 13.1 11.56 43.0
187.9 16.85 174.0 0.52 16.8 10.73 64.0
187.98 14.42 330.0 0.5 16.8 7.1 65.0
188.03 11.17 180.0 0.47 16.8 12.01 67.0
188.07 -7.55 186.0 0.67 19.5 11.5 52.0
188.11 0.35 240.0 0.67 14.5 11.6 52.0
188.13 9.17 30.0 0.76 16.8 15.0 45.0
188.1 42.7 132.0 0.8 7.5 13.0 41.0
188.19 0.1 402.0 0.17 9.8 10.38 90.0
188.21 31.54 360.0 0.74 3.8 13.03 46.0
188.21 37.62 174.0 0.31 6.2 11.48 79.0
188.28 11.34 42.0 0.75 16.8 15.65 46.0
188.38 8.65 198.0 0.69 16.8 10.73 51.0
188.4 9.15 180.0 0.3 16.8 10.53 80.0
188.45 15.15 144.0 0.89 16.8 14.33 31.0
188.44 30.29 156.0 0.57 9.7 12.4 60.0
188.51 7.7 354.0 0.37 16.8 7.08 74.0
188.48 39.0 96.0 0.36 8.9 14.5 75.0
188.53 2.65 318.0 0.46 13.5 10.93 68.0
188.53 35.52 234.0 0.76 9.8 12.2 45.0
188.58 6.47 162.0 0.38 15.5 10.39 73.0
188.58 8.19 372.0 0.7 16.8 8.44 50.0
188.61 2.19 318.0 0.44 13.3 8.26 69.0
188.68 6.29 90.0 0.94 15.2 14.71 24.0
188.7 15.55 126.0 0.83 16.8 12.2 38.0
188.7 15.22 72.0 0.54 16.8 14.43 62.0
188.63 63.52 150.0 0.59 41.5 10.79 59.0
188.86 -3.79 162.0 0.55 20.5 11.24 61.0
188.85 14.49 294.0 0.84 16.8 10.85 37.0
188.88 12.22 156.0 0.29 16.8 9.14 81.0
188.9 12.25 102.0 0.8 16.8 12.76 41.0
188.9 12.55 222.0 1.0 16.8 7.41 0.0
188.89 25.85 120.0 0.37 9.7 13.4 74.0
188.99 27.95 576.0 0.44 9.7 8.3 69.0
189.02 19.32 96.0 0.93 12.3 12.7 25.0
189.06 25.97 690.0 0.14 9.7 6.63 90.0
189.1 11.44 162.0 0.54 16.8 11.83 62.0
189.07 40.0 150.0 0.16 6.8 12.46 90.0
189.13 11.25 168.0 0.81 16.8 11.93 40.0
189.13 11.24 264.0 0.51 16.8 11.32 64.0
189.16 6.62 174.0 1.0 16.8 13.2 0.0
189.18 13.25 138.0 0.64 16.8 13.6 55.0
189.2 13.15 468.0 0.51 16.8 7.41 64.0
189.23 7.24 174.0 0.34 16.8 8.32 77.0
189.22 14.2 216.0 0.93 16.8 11.75 25.0
189.38 9.55 174.0 0.73 16.8 9.01 47.0
189.43 11.82 318.0 0.85 16.8 10.46 36.0
189.46 5.37 144.0 0.72 25.6 12.6 48.0
189.35 74.19 204.0 0.78 30.0 11.75 42.0
189.59 -35.6 72.0 0.6 39.7 12.77 58.0
189.61 4.3 174.0 0.35 17.5 12.05 76.0
189.81 -0.54 222.0 0.34 9.6 10.49 77.0
189.85 7.95 72.0 0.62 16.8 14.14 56.0
189.89 -5.34 180.0 0.6 39.5 11.4 58.0
189.97 -11.62 498.0 0.88 20.0 8.52 79.0
189.98 10.17 294.0 0.89 16.8 11.46 30.0
189.97 15.29 96.0 0.68 16.8 12.7 52.0
190.02 -5.8 168.0 0.43 17.0 12.0 70.0
190.0 61.6 288.0 0.44 4.0 10.61 69.0
190.14 -5.14 138.0 0.3 37.9 11.5 79.0
190.25 -40.97 222.0 0.78 46.4 11.4 43.0
190.3 10.14 198.0 1.0 16.8 12.09 0.0
190.38 7.3 174.0 0.73 16.8 12.9 47.0
190.39 41.14 240.0 0.8 7.3 11.19 41.0
190.5 11.64 336.0 0.82 16.8 7.35 38.0
190.47 41.27 96.0 0.94 8.2 12.88 23.0
190.53 7.67 114.0 0.34 16.8 13.3 77.0
190.52 38.49 204.0 0.66 4.5 13.2 53.0
190.55 32.54 648.0 0.24 6.9 9.07 85.0
190.64 -0.09 156.0 0.41 14.2 12.0 71.0
190.63 3.95 108.0 0.75 17.9 13.1 45.0
190.67 19.94 108.0 0.8 23.5 13.2 41.0
190.7 11.44 138.0 0.72 16.8 11.94 48.0
190.71 2.69 360.0 0.77 17.0 7.49 44.0
190.72 13.25 174.0 0.72 16.8 12.03 49.0
190.83 1.97 174.0 1.0 25.7 11.55 0.0
190.88 11.57 162.0 0.84 16.8 11.79 36.0
190.93 11.55 492.0 0.8 16.8 6.48 40.0
190.92 16.37 198.0 0.69 16.8 8.62 59.0
190.96 -0.54 144.0 0.93 39.1 12.77 25.0
190.97 13.1 264.0 0.58 16.8 8.76 59.0
191.03 -41.75 132.0 0.6 46.4 12.3 58.0
191.02 -5.67 186.0 0.67 25.4 12.69 52.0
191.0 32.15 792.0 0.17 7.2 10.09 90.0
191.11 0.47 156.0 0.75 23.5 13.7 45.0
191.14 -10.09 102.0 0.33 35.7 11.9 77.0
191.13 11.19 156.0 0.88 16.8 8.46 31.0
191.13 28.47 48.0 0.61 9.7 14.55 57.0
191.29 -0.45 198.0 0.35 14.1 10.98 76.0
191.28 3.06 252.0 1.0 17.9 11.9 0.0
191.31 27.12 102.0 0.89 11.0 12.97 31.0
191.4 71.32 30.0 1.0 20.1 14.9 0.0
191.52 64.56 186.0 0.2 36.2 12.47 90.0
191.68 5.96 144.0 0.82 17.3 13.6 39.0
191.73 -41.58 84.0 0.47 46.4 13.23 68.0
191.68 26.56 42.0 0.68 8.9 14.6 51.0
191.72 51.64 108.0 0.75 8.9 15.0 45.0
191.81 -2.72 132.0 0.36 27.4 12.6 75.0
191.85 35.36 60.0 0.8 8.4 14.1 41.0
191.96 4.32 246.0 1.0 17.1 12.9 0.0
191.95 13.76 222.0 0.89 16.8 11.51 31.0
192.06 -3.33 204.0 0.88 22.5 11.64 32.0
192.07 10.97 180.0 0.57 16.8 12.2 60.0
192.1 8.49 174.0 0.55 16.8 8.36 68.0
192.14 -5.8 402.0 0.76 23.3 10.17 44.0
192.21 -41.3 204.0 0.75 46.4 11.28 45.0
192.09 51.16 144.0 0.89 8.0 13.4 31.0
192.24 -8.67 180.0 0.8 25.7 10.31 41.0
192.27 -11.4 132.0 0.15 24.0 11.6 90.0
192.31 3.39 198.0 0.85 20.5 12.72 35.0
192.35 -10.12 270.0 0.72 23.3 11.9 49.0
192.42 15.16 222.0 0.33 16.8 8.41 78.0
192.51 5.31 168.0 0.66 17.9 10.43 53.0
192.63 25.49 600.0 0.77 12.4 7.05 43.0
192.52 72.87 138.0 0.96 26.1 11.8 19.0
192.74 -6.4 318.0 0.48 25.9 10.9 67.0
192.73 41.11 708.0 0.87 4.3 8.8 33.0
192.95 -10.45 120.0 0.72 23.2 12.02 48.0
192.93 25.76 168.0 0.47 12.3 12.66 67.0
193.07 11.31 228.0 0.53 16.8 7.94 63.0
193.09 -1.2 234.0 0.6 15.1 10.84 58.0
193.19 15.84 132.0 0.3 16.2 11.15 80.0
193.22 11.22 360.0 0.22 16.8 11.09 87.0
193.31 4.46 90.0 0.76 21.2 12.8 45.0
193.36 2.16 150.0 0.52 16.3 12.3 64.0
193.46 -39.72 138.0 0.43 46.4 12.2 70.0
193.44 -6.62 138.0 0.92 26.6 11.8 26.0
193.5 27.14 144.0 0.89 4.0 13.9 31.0
193.6 -10.53 186.0 0.37 22.5 11.2 74.0
193.65 28.92 174.0 0.56 38.9 12.05 60.0
193.71 2.64 48.0 0.67 21.6 14.3 52.0
193.72 -10.23 102.0 0.67 23.6 12.3 52.0
193.71 2.66 90.0 0.37 22.2 14.1 74.0
193.69 19.17 168.0 0.26 23.0 11.72 84.0
193.64 46.52 96.0 0.73 15.2 12.19 47.0
193.79 0.11 192.0 0.63 14.2 12.3 56.0
193.83 58.34 186.0 0.74 39.3 12.7 46.0
193.96 4.01 102.0 0.79 20.2 14.1 42.0
193.96 4.31 126.0 0.43 20.9 9.92 71.0
194.19 -50.35 150.0 0.72 30.2 11.7 48.0
194.22 -8.52 162.0 0.33 21.5 11.0 78.0
194.18 21.67 420.0 0.49 4.1 6.06 66.0
194.43 2.69 102.0 0.94 21.7 14.4 23.0
194.53 -46.25 216.0 0.17 29.5 11.3 90.0
194.48 1.56 216.0 0.29 15.6 11.4 81.0
194.58 2.79 102.0 0.89 41.1 14.37 31.0
194.67 14.21 72.0 0.83 1.7 14.56 38.0
194.83 -15.03 186.0 0.37 21.1 11.36 74.0
194.76 34.86 210.0 0.41 17.8 12.38 71.0
194.87 14.18 294.0 0.24 16.0 11.96 86.0
195.04 12.48 210.0 0.8 15.7 12.3 41.0
195.18 2.49 150.0 1.0 17.3 12.1 0.0
195.23 -13.93 138.0 0.57 38.4 12.1 60.0
195.25 -14.51 156.0 0.97 39.2 11.83 17.0
195.57 -50.33 282.0 0.23 18.4 10.09 87.0
195.51 58.69 150.0 0.16 14.2 12.34 90.0
195.78 3.99 114.0 1.0 42.3 13.9 0.0
195.83 -17.4 276.0 0.19 7.1 12.74 90.0
196.04 -5.55 228.0 0.66 6.4 11.72 53.0
196.07 -10.33 276.0 0.37 44.3 8.99 74.0
196.25 -8.15 84.0 0.91 26.2 13.83 28.0
196.35 -49.46 930.0 0.19 5.2 7.95 90.0
196.27 -6.5 60.0 0.3 22.2 9.59 80.0
196.34 -35.33 150.0 0.51 33.3 11.9 64.0
196.45 -8.0 138.0 1.0 20.9 11.3 0.0
196.44 27.73 96.0 0.72 39.4 13.73 48.0
196.45 37.59 372.0 0.87 4.4 12.6 33.0
196.57 67.69 198.0 0.7 2.8 12.64 50.0
197.15 -49.51 288.0 0.58 18.6 10.29 59.0
197.2 -6.78 162.0 0.72 27.8 11.8 49.0
197.23 -15.51 132.0 0.8 21.3 11.6 41.0
197.42 -7.83 132.0 0.76 28.0 11.72 45.0
197.5 34.18 144.0 0.28 17.3 12.79 81.0
197.7 37.05 294.0 0.52 21.3 10.37 64.0
197.83 3.41 54.0 0.15 44.4 14.3 90.0
197.87 22.93 156.0 0.62 40.4 12.8 56.0
197.87 36.28 84.0 0.39 22.8 13.0 73.0
198.02 24.1 108.0 0.76 40.3 13.6 45.0
200.74 26.98 108.0 0.35 43.0 13.0 76.0
198.02 35.66 114.0 0.22 17.4 13.3 87.0
198.07 26.68 60.0 0.61 18.1 14.2 57.0
198.12 7.18 90.0 0.29 17.5 14.2 81.0
198.22 -43.09 156.0 0.89 40.9 11.96 30.0
198.05 44.03 282.0 0.14 6.0 10.69 90.0
198.15 22.83 90.0 0.76 40.1 14.4 45.0
198.24 -16.76 84.0 0.8 36.8 13.0 41.0
198.24 -19.51 264.0 0.75 40.9 11.6 45.0
198.32 36.2 162.0 1.0 20.3 13.52 0.0
198.37 36.58 522.0 0.52 18.7 7.47 64.0
198.46 42.2 90.0 0.31 9.2 14.0 79.0
198.59 45.91 204.0 0.44 3.6 12.33 70.0
198.74 -16.59 90.0 0.22 29.0 12.1 87.0
198.7 34.88 72.0 0.75 17.9 14.5 45.0
198.84 -16.38 144.0 0.96 38.9 11.94 20.0
198.87 -24.01 246.0 0.52 21.7 9.96 64.0
198.99 -16.39 84.0 0.31 39.3 13.48 79.0
198.86 47.5 138.0 0.37 4.6 14.0 74.0
198.93 42.01 702.0 0.63 7.2 6.28 55.0
199.26 -16.63 258.0 0.62 27.3 11.0 56.0
199.27 57.53 102.0 0.76 41.5 13.5 45.0
199.51 -26.82 162.0 1.0 28.7 11.1 0.0
199.65 -8.44 90.0 0.71 23.3 13.83 49.0
199.74 -47.91 144.0 0.5 39.5 11.8 65.0
199.75 -21.04 474.0 0.9 6.7 10.2 29.0
199.68 41.93 132.0 0.64 23.7 14.23 55.0
199.88 -12.66 114.0 0.79 40.6 12.52 42.0
199.91 30.25 114.0 0.51 35.1 13.5 64.0
200.07 -21.82 558.0 0.15 26.4 11.7 90.0
200.08 -24.41 240.0 0.9 28.9 11.6 29.0
200.1 -20.61 156.0 0.83 27.8 11.71 37.0
200.08 -12.57 108.0 0.23 24.5 12.2 87.0
200.17 9.78 132.0 0.47 22.4 13.75 67.0
200.44 -27.44 342.0 1.0 27.4 11.24 0.0
200.48 -36.62 426.0 0.42 3.5 10.16 71.0
200.36 38.53 90.0 0.31 19.9 12.19 79.0
200.46 38.73 210.0 0.73 20.5 11.8 47.0
200.74 23.3 132.0 0.47 42.7 14.1 67.0
200.73 28.32 114.0 0.49 38.3 13.5 66.0
201.19 -37.67 132.0 0.8 22.1 12.0 41.0
201.33 -43.01 1050.0 0.78 4.9 7.48 43.0
201.32 -21.14 228.0 0.68 26.1 12.0 51.0
201.29 43.25 132.0 0.8 23.7 12.9 41.0
201.35 57.82 186.0 0.74 26.8 13.3 46.0
201.58 2.1 114.0 0.9 21.6 12.22 29.0
202.18 -48.9 162.0 0.93 39.5 11.9 24.0
202.03 46.67 102.0 0.37 39.0 14.0 74.0
202.28 -33.19 324.0 0.5 33.5 9.16 65.0
202.1 46.59 66.0 1.0 38.0 13.5 0.0
202.44 -17.95 366.0 0.15 24.0 8.3 90.0
202.43 45.39 108.0 0.35 24.6 13.91 76.0
202.39 58.4 264.0 0.65 4.8 10.29 53.0
202.47 47.19 708.0 0.52 7.7 8.68 64.0
202.5 47.27 354.0 0.74 9.3 10.53 46.0
202.55 46.67 126.0 0.85 39.0 12.7 35.0
202.48 62.5 180.0 0.61 29.9 10.38 57.0
202.75 19.44 90.0 0.6 22.8 13.9 58.0
202.86 -34.79 186.0 0.38 32.9 12.1 74.0
202.68 54.9 96.0 0.63 2.7 14.4 56.0
203.51 47.91 150.0 0.2 6.4 13.2 90.0
203.67 51.61 114.0 0.82 4.9 13.3 39.0
203.94 8.97 108.0 0.22 22.9 14.5 87.0
203.9 29.22 54.0 0.27 17.7 15.19 82.0
203.94 45.92 90.0 1.0 26.4 14.3 0.0
204.25 -29.87 702.0 0.94 4.7 8.04 24.0
204.07 46.21 108.0 0.85 38.4 14.08 35.0
204.22 44.89 102.0 0.94 40.9 14.4 23.0
213.29 -65.33 648.0 0.5 4.2 6.88 65.0
204.35 7.64 198.0 0.53 21.6 12.94 63.0
204.39 8.87 342.0 0.76 22.7 10.71 45.0
204.52 -17.88 294.0 1.0 22.2 10.79 0.0
204.53 -9.8 144.0 1.0 22.7 12.65 0.0
204.74 51.43 96.0 0.77 29.4 14.4 44.0
204.98 -31.65 216.0 0.33 3.2 10.87 77.0
204.98 40.74 150.0 0.53 3.4 13.8 63.0
205.15 54.33 144.0 0.63 33.4 13.18 56.0
205.4 -29.91 168.0 0.86 4.2 12.42 35.0
205.27 67.68 72.0 0.92 41.4 14.1 27.0
205.74 -48.18 180.0 0.71 40.8 11.76 49.0
205.53 35.66 174.0 0.83 21.3 12.43 37.0
205.64 39.66 138.0 1.0 10.2 14.3 0.0
206.3 41.71 156.0 0.29 37.8 9.17 81.0
206.57 43.85 60.0 0.58 37.8 14.7 60.0
206.59 43.86 228.0 0.21 37.8 11.5 89.0
206.61 46.1 174.0 0.22 27.7 11.9 87.0
206.76 60.96 126.0 0.18 32.4 12.19 90.0
207.05 3.95 198.0 0.64 23.1 10.36 55.0
207.14 43.4 138.0 0.61 37.8 13.4 57.0
207.31 60.18 366.0 0.68 31.6 10.84 51.0
207.43 39.98 90.0 0.6 37.8 12.4 58.0
207.57 41.36 180.0 0.53 37.8 10.26 63.0
207.71 38.01 108.0 0.3 3.3 13.71 80.0
207.7 39.56 114.0 0.49 37.8 12.6 66.0
207.85 40.22 66.0 1.0 37.8 15.0 0.0
208.0 -6.04 150.0 1.0 44.0 12.2 0.0
208.24 -1.12 246.0 0.8 24.7 12.3 41.0
207.96 64.37 36.0 0.37 28.4 15.2 74.0
208.32 33.48 102.0 0.84 36.7 13.34 37.0
208.35 40.35 186.0 0.81 37.8 12.13 40.0
208.37 40.28 168.0 0.65 37.8 12.05 54.0
208.55 5.23 144.0 0.21 26.2 11.46 89.0
208.72 41.32 120.0 0.46 37.8 12.7 68.0
208.68 53.9 210.0 0.3 3.9 12.43 80.0
208.84 17.78 180.0 0.78 22.2 13.3 43.0
208.9 4.98 114.0 0.6 22.9 14.1 58.0
208.92 40.45 240.0 0.8 37.8 11.32 41.0
209.02 5.25 258.0 0.68 22.4 11.18 52.0
208.81 59.5 96.0 0.68 33.6 12.7 52.0
209.05 5.02 294.0 0.66 25.5 10.86 53.0
209.06 47.23 222.0 0.6 31.0 11.77 58.0
208.61 78.22 132.0 0.8 33.0 13.2 41.0
209.21 29.15 186.0 0.79 37.8 12.2 42.0
209.47 -43.92 246.0 0.62 33.0 12.2 56.0
209.26 41.85 186.0 0.71 37.8 11.93 49.0
209.49 -29.3 270.0 0.15 37.3 8.58 90.0
209.43 57.0 138.0 0.77 29.7 14.1 44.0
210.2 -45.4 138.0 0.86 21.0 12.5 35.0
210.35 -33.05 192.0 0.58 18.3 12.3 59.0
210.16 55.15 132.0 0.19 30.9 13.0 90.0
210.36 36.8 36.0 1.0 41.7 14.9 0.0
210.85 -6.07 126.0 0.55 35.9 12.44 61.0
210.85 -6.03 138.0 0.97 38.1 11.97 17.0
210.7 49.17 210.0 0.5 32.6 11.88 65.0
210.81 54.36 1428.0 1.0 5.4 8.2 0.0
211.21 8.81 120.0 0.55 23.7 13.8 61.0
211.18 54.89 138.0 0.78 33.0 12.3 43.0
211.26 53.66 336.0 0.83 6.0 11.29 37.0
211.38 54.46 108.0 0.76 6.4 14.25 45.0
211.65 -5.45 138.0 1.0 41.5 12.0 0.0
211.77 -30.02 72.0 0.57 37.5 12.8 60.0
211.58 50.72 96.0 0.63 31.9 12.6 56.0
211.66 50.72 114.0 0.74 35.6 12.9 47.0
211.8 54.99 162.0 0.75 32.8 12.4 46.0
211.85 55.09 90.0 0.64 25.6 12.4 55.0
212.63 -43.31 288.0 0.92 24.7 11.7 27.0
212.54 -2.56 144.0 0.37 26.6 13.1 74.0
212.87 -5.05 102.0 0.66 38.9 12.28 53.0
212.89 -1.15 186.0 0.21 26.4 11.17 89.0
212.85 50.21 66.0 0.82 31.9 14.7 39.0
213.71 25.31 210.0 0.34 21.5 10.35 77.0
213.91 16.55 108.0 0.9 36.0 15.08 29.0
213.87 36.21 240.0 0.14 43.9 9.25 90.0
213.97 23.05 108.0 0.9 2.2 14.3 29.0
214.63 -43.38 234.0 0.44 16.9 11.1 70.0
214.67 21.82 72.0 0.75 39.0 15.0 45.0
214.93 9.37 180.0 0.21 24.0 13.0 89.0
215.12 -29.24 288.0 0.83 20.9 11.8 37.0
215.07 3.93 282.0 0.41 26.4 10.88 71.0
214.94 56.72 306.0 0.69 7.0 10.14 51.0
215.23 3.23 72.0 0.74 28.7 13.16 47.0
215.25 3.27 186.0 0.78 26.4 11.71 43.0
215.3 3.43 144.0 0.33 25.9 10.74 78.0
215.59 -0.37 192.0 0.82 27.4 11.9 39.0
215.62 45.37 144.0 0.82 14.7 14.2 39.0
215.82 41.77 156.0 0.61 12.7 13.2 57.0
215.94 14.64 90.0 1.0 37.5 13.2 0.0
216.06 -16.72 114.0 0.5 38.5 11.9 65.0
216.11 -16.75 120.0 1.0 38.6 12.27 0.0
216.17 44.5 120.0 1.0 3.7 13.3 0.0
216.32 39.52 210.0 0.07 26.3 13.4 90.0
216.74 8.67 96.0 0.16 24.8 14.1 90.0
216.63 56.57 132.0 1.0 32.7 12.5 0.0
216.89 41.26 114.0 0.31 41.3 11.82 79.0
216.86 46.14 126.0 0.48 37.1 12.51 67.0
217.07 13.77 150.0 0.67 24.2 13.2 52.0
217.52 -34.23 156.0 0.81 41.3 12.93 40.0
217.43 3.22 150.0 0.92 28.4 12.15 27.0
217.5 3.21 102.0 0.31 30.2 14.3 79.0
217.47 44.44 138.0 0.61 42.3 14.1 57.0
217.44 49.61 180.0 0.89 37.2 12.25 31.0
217.66 7.27 162.0 0.56 24.8 12.55 60.0
218.51 -78.4 96.0 0.61 34.6 12.5 57.0
217.92 -43.42 90.0 0.94 26.9 11.8 24.0
223.5 3.54 180.0 0.25 26.7 11.44 84.0
218.15 -44.2 348.0 0.89 16.9 10.17 31.0
218.11 8.08 126.0 0.64 35.4 12.2 55.0
218.18 9.88 240.0 0.76 24.9 12.1 45.0
218.01 57.91 174.0 0.52 35.6 11.8 64.0
218.35 4.44 192.0 0.87 26.9 12.05 33.0
218.18 49.46 204.0 0.47 34.5 8.82 67.0
218.65 4.26 114.0 0.56 28.5 14.1 60.0
218.69 48.66 90.0 0.23 36.3 13.68 86.0
218.64 59.34 102.0 0.65 31.8 14.66 54.0
218.72 54.48 144.0 0.75 34.4 12.6 46.0
218.86 48.74 180.0 0.31 35.6 12.71 79.0
219.43 2.25 168.0 0.35 28.8 9.74 76.0
219.46 -0.39 114.0 0.86 30.2 12.4 34.0
219.57 3.4 60.0 0.64 29.7 13.2 55.0
219.55 46.63 120.0 0.15 36.1 13.4 90.0
219.78 2.95 102.0 0.94 26.7 14.3 23.0
219.79 5.36 252.0 1.0 26.1 11.73 0.0
219.94 -0.74 156.0 0.65 28.8 11.42 54.0
220.04 -0.29 180.0 0.78 30.4 11.82 43.0
220.11 33.98 120.0 0.55 26.9 13.7 61.0
220.59 -17.24 126.0 0.5 42.2 11.46 65.0
220.72 4.88 120.0 0.36 27.6 10.41 75.0
221.11 1.68 168.0 0.6 26.6 9.54 58.0
221.25 1.95 348.0 0.17 29.4 7.67 90.0
221.56 -0.22 156.0 0.61 31.8 12.38 57.0
221.88 -14.85 96.0 0.37 32.6 11.8 74.0
221.95 -19.07 132.0 0.88 39.5 12.3 32.0
222.37 -10.15 192.0 0.6 28.8 12.78 58.0
222.73 35.57 48.0 0.35 23.1 14.75 76.0
222.8 35.54 78.0 1.0 23.8 14.3 0.0
223.42 3.58 192.0 0.84 26.8 12.63 37.0
223.37 52.08 150.0 0.61 37.1 13.0 57.0
224.59 -1.08 342.0 0.29 30.6 8.14 81.0
224.84 -16.63 126.0 0.85 41.9 12.2 36.0
224.54 58.86 114.0 0.68 36.3 14.3 52.0
225.0 1.88 156.0 0.53 28.5 9.32 63.0
224.44 71.68 198.0 0.7 11.5 12.1 50.0
225.24 -7.46 150.0 0.96 31.7 11.92 20.0
225.3 1.7 216.0 0.8 28.5 11.5 41.0
225.3 52.6 96.0 0.88 38.2 14.2 32.0
226.03 1.22 132.0 0.91 28.5 12.32 29.0
226.35 2.1 198.0 0.45 28.5 11.67 69.0
226.5 1.64 42.0 0.6 28.5 12.97 58.0
226.6 1.59 36.0 1.0 28.5 14.06 0.0
226.6 1.6 294.0 0.89 28.5 11.11 31.0
226.78 1.54 276.0 0.91 28.5 11.58 28.0
226.61 55.75 372.0 0.48 15.3 10.84 67.0
226.95 2.57 114.0 0.29 28.5 12.54 80.0
227.3 -11.32 180.0 0.53 28.9 9.63 63.0
227.37 3.06 132.0 0.35 28.5 12.8 76.0
227.2 67.19 2850.0 0.64 0.1 12.4 55.0
227.42 57.01 222.0 0.39 16.8 9.25 73.0
228.0 1.67 120.0 0.09 28.5 13.8 90.0
227.65 64.89 138.0 0.65 35.8 12.62 54.0
227.93 59.81 132.0 0.19 38.9 9.95 90.0
228.01 55.79 168.0 0.79 17.7 14.2 42.0
228.44 -14.26 180.0 0.49 31.6 11.54 66.0
228.44 -15.48 210.0 0.79 33.7 11.7 41.0
228.77 -10.06 270.0 0.79 30.7 11.69 41.0
228.75 42.04 144.0 0.47 39.8 12.21 67.0
228.97 56.33 474.0 0.17 14.9 7.52 90.0
229.55 -24.09 168.0 1.0 32.6 12.08 0.0
229.65 -24.11 72.0 0.42 34.2 14.0 71.0
229.65 -24.06 180.0 0.71 35.9 11.9 49.0
230.17 -36.92 162.0 0.57 41.8 12.4 60.0
230.39 -13.09 90.0 0.79 33.7 11.8 42.0
230.49 5.07 294.0 0.88 25.2 11.34 32.0
230.94 58.05 120.0 0.91 41.2 13.6 28.0
231.52 41.67 102.0 0.44 41.9 12.7 70.0
231.65 40.55 180.0 0.21 40.6 10.3 89.0
231.97 64.74 120.0 0.52 11.2 10.32 64.0
233.23 46.44 66.0 0.37 15.0 14.8 74.0
233.43 14.99 144.0 0.23 29.5 11.05 86.0
233.62 15.2 102.0 0.78 33.0 13.0 43.0
233.65 15.2 66.0 0.49 32.1 13.2 66.0
233.37 56.58 210.0 0.77 14.8 12.1 44.0
233.77 16.55 102.0 0.89 19.7 14.0 31.0
233.8 30.85 54.0 0.43 28.5 13.8 71.0
234.12 16.6 156.0 0.74 31.8 11.85 46.0
234.19 44.23 96.0 0.56 40.7 14.9 60.0
234.39 5.98 240.0 0.79 24.7 12.5 42.0
234.26 55.27 30.0 0.89 15.0 14.8 31.0
234.58 12.95 96.0 0.88 30.3 14.4 32.0
234.61 12.18 156.0 0.72 31.6 11.95 48.0
234.45 59.38 114.0 0.15 29.2 13.21 90.0
234.75 31.75 48.0 0.57 29.4 14.1 60.0
234.9 59.33 282.0 0.57 39.2 11.55 60.0
235.51 0.7 162.0 0.14 30.2 11.33 90.0
235.58 0.45 84.0 0.37 31.0 13.87 74.0
235.73 14.22 126.0 0.25 20.7 10.88 85.0
235.44 67.25 108.0 0.7 11.2 14.4 50.0
237.01 -75.67 144.0 0.67 36.6 12.0 53.0
236.43 12.49 84.0 0.86 20.7 15.1 34.0
236.45 20.57 138.0 0.96 33.4 13.4 19.0
237.24 5.18 162.0 0.61 33.6 13.5 57.0
236.0 81.82 168.0 0.48 25.6 13.28 67.0
237.86 62.31 306.0 0.38 17.5 9.11 73.0
238.64 16.6 42.0 0.33 35.9 14.2 78.0
240.38 1.71 162.0 0.64 30.3 13.0 55.0
240.5 18.81 48.0 0.53 38.7 14.8 63.0
240.84 20.89 72.0 0.83 35.1 14.3 38.0
241.42 41.31 48.0 0.53 33.2 14.7 63.0
241.42 41.34 54.0 0.77 32.1 13.6 44.0
242.48 0.7 210.0 0.55 31.2 9.41 61.0
243.59 -0.2 222.0 0.14 31.5 10.29 90.0
243.63 0.8 126.0 0.95 30.8 13.5 21.0
244.07 47.04 174.0 0.77 15.8 13.49 44.0
244.7 7.41 138.0 0.55 24.5 10.29 61.0
245.47 -2.28 258.0 0.44 25.4 9.37 70.0
245.21 65.38 408.0 0.75 18.6 11.8 45.0
248.09 19.82 132.0 0.44 36.7 9.26 70.0
248.8 52.23 30.0 0.82 41.0 15.2 39.0
248.17 78.19 216.0 1.0 23.9 11.7 0.0
250.76 36.84 156.0 0.4 17.4 11.67 72.0
251.13 70.77 162.0 0.64 23.3 12.1 55.0
252.78 -58.98 138.0 0.87 20.5 10.7 33.0
251.59 70.36 162.0 0.4 21.2 12.7 72.0
253.18 -59.21 252.0 0.64 19.4 10.4 55.0
252.52 42.73 126.0 0.48 18.9 12.48 67.0
253.66 36.5 168.0 0.44 18.3 11.88 70.0
253.58 53.1 78.0 0.72 21.0 15.06 48.0
256.75 -62.08 210.0 0.13 19.5 10.83 90.0
257.01 69.47 168.0 0.38 12.2 13.2 74.0
257.61 72.3 192.0 0.92 22.0 11.73 26.0
259.24 -62.82 306.0 0.58 14.3 10.45 60.0
259.27 40.84 174.0 0.59 33.7 11.05 59.0
259.97 14.4 126.0 0.9 25.7 14.77 29.0
259.71 49.86 126.0 0.46 18.8 13.1 68.0
260.05 57.91 3666.0 0.62 0.1 11.8 56.0
261.78 11.54 186.0 0.26 40.9 9.54 84.0
262.05 7.42 198.0 0.92 26.9 12.8 26.0
261.61 71.09 126.0 0.34 21.6 11.44 77.0
263.1 7.06 372.0 0.69 26.6 8.4 51.0
262.4 75.69 144.0 1.0 23.5 12.17 0.0
266.77 -64.63 132.0 0.53 3.0 11.32 63.0
267.36 36.13 54.0 0.48 14.5 13.8 67.0
267.34 70.15 294.0 0.38 6.1 10.28 74.0
269.78 7.14 156.0 0.45 29.3 13.2 69.0
269.86 6.28 114.0 0.83 28.2 12.4 38.0
270.48 6.96 162.0 0.17 30.1 10.13 90.0
271.13 21.63 150.0 0.75 34.2 13.8 45.0
271.37 23.27 114.0 1.0 35.7 14.1 0.0
271.95 17.6 138.0 0.87 33.9 11.8 33.0
271.86 35.55 156.0 0.89 26.9 13.0 31.0
272.77 14.09 114.0 0.6 34.5 10.71 58.0
276.45 -85.41 156.0 0.77 29.8 12.14 44.0
272.95 12.07 138.0 1.0 33.8 13.5 0.0
272.96 14.97 90.0 0.72 35.0 11.96 48.0
273.12 18.59 126.0 0.56 40.4 13.3 60.0
273.75 71.01 96.0 0.66 26.1 14.4 53.0
274.93 74.57 204.0 0.51 25.5 8.97 64.0
277.16 -66.98 186.0 0.82 8.9 11.9 39.0
276.02 73.17 162.0 0.84 29.5 12.23 37.0
278.61 -58.49 276.0 0.25 28.8 11.5 84.0
277.65 67.97 180.0 0.74 39.5 12.1 46.0
278.47 49.27 138.0 0.88 31.5 13.3 32.0
278.71 70.52 198.0 0.39 12.2 10.51 73.0
282.25 -65.17 222.0 0.6 10.9 11.12 58.0
281.83 45.55 174.0 0.9 35.9 12.21 30.0
284.14 -54.3 120.0 0.44 35.7 12.01 69.0
284.24 -54.55 78.0 0.83 35.7 12.51 37.0
287.43 -63.85 1170.0 0.64 10.4 8.7 55.0
287.06 50.93 132.0 0.64 37.0 10.4 55.0
288.81 -54.66 138.0 0.47 34.7 11.9 67.0
295.9 -58.66 150.0 0.28 25.3 11.4 82.0
295.66 -10.33 300.0 1.0 22.8 11.38 0.0
296.31 -54.34 162.0 0.56 32.3 12.0 61.0
296.23 -14.81 1038.0 1.0 0.7 8.66 0.0
298.64 -12.56 138.0 0.35 22.8 12.32 76.0
301.83 -48.37 120.0 0.56 35.5 11.95 61.0
302.48 -48.36 144.0 0.73 35.5 11.69 47.0
302.55 -48.28 126.0 0.52 35.5 12.72 64.0
304.32 -52.79 150.0 0.41 34.2 11.9 72.0
304.57 -44.79 84.0 0.79 31.8 12.95 41.0
304.63 -39.34 66.0 0.92 35.3 13.47 27.0
305.8 -43.88 96.0 1.0 38.2 14.01 0.0
306.01 -43.98 126.0 0.43 37.9 12.58 70.0
306.13 -43.65 384.0 0.67 35.7 12.42 53.0
305.99 60.19 180.0 0.92 23.7 12.3 26.0
306.93 -47.03 126.0 0.43 34.3 12.71 70.0
308.57 -31.97 216.0 0.25 36.6 8.62 84.0
308.71 60.15 894.0 0.79 5.5 7.92 42.0
309.3 66.1 270.0 0.91 24.1 11.18 28.0
311.13 -68.75 186.0 0.52 38.8 11.6 63.0
312.15 -37.99 132.0 0.8 35.4 12.21 41.0
313.03 -69.21 216.0 0.18 6.7 10.17 90.0
314.31 25.96 180.0 0.29 23.7 10.88 81.0
315.87 29.89 288.0 0.35 14.2 11.2 76.0
316.36 -52.54 114.0 0.65 37.3 12.95 54.0
317.85 -64.04 168.0 0.43 37.8 12.45 70.0
317.98 -49.29 114.0 0.59 36.3 12.69 59.0
318.62 26.74 210.0 0.6 15.7 12.09 58.0
319.14 -48.35 156.0 0.35 24.2 11.99 76.0
319.74 -48.55 204.0 0.5 27.6 11.77 65.0
320.79 -45.76 150.0 0.3 33.7 11.8 80.0
321.84 -60.01 138.0 0.6 21.5 9.89 58.0
322.07 -37.86 126.0 0.57 32.8 12.58 60.0
322.26 -52.76 174.0 0.17 10.6 12.41 90.0
322.62 -43.09 132.0 0.91 30.3 12.78 28.0
322.48 2.41 48.0 1.0 13.3 13.9 0.0
323.12 -44.07 102.0 0.75 33.9 12.48 45.0
323.93 -63.89 174.0 0.63 38.7 8.8 56.0
324.12 -54.55 288.0 0.2 10.4 9.45 90.0
324.54 8.97 138.0 0.6 17.0 13.7 58.0
325.06 -42.53 102.0 0.75 30.4 12.5 45.0
325.31 -63.9 90.0 1.0 36.7 12.5 0.0
325.59 -44.8 108.0 0.91 27.6 12.7 28.0
326.84 -34.88 96.0 1.0 33.3 13.3 0.0
327.31 -60.71 168.0 0.68 38.4 12.67 52.0
327.33 -60.61 120.0 0.49 37.5 13.02 66.0
327.05 22.16 102.0 0.83 25.0 12.67 38.0
327.44 -34.88 150.0 0.74 34.7 12.69 46.0
328.18 -48.24 210.0 1.0 24.8 11.62 0.0
328.32 -47.88 150.0 0.91 23.8 12.08 28.0
329.03 -49.52 132.0 0.92 23.5 12.8 27.0
329.09 73.25 306.0 0.76 24.7 11.1 45.0
329.92 -43.31 144.0 0.38 28.4 12.89 74.0
330.14 -43.12 156.0 0.87 28.6 13.03 33.0
330.17 -43.4 120.0 0.34 30.2 12.82 77.0
330.17 17.74 180.0 0.64 18.2 11.56 55.0
330.24 -13.27 132.0 0.55 34.7 12.67 62.0
330.54 -51.74 120.0 0.67 34.7 12.85 53.0
330.5 -31.87 108.0 0.52 33.9 12.55 64.0
330.52 -31.97 78.0 0.67 32.0 13.05 53.0
330.52 -31.99 78.0 0.44 35.5 13.15 69.0
330.52 -31.99 78.0 0.85 32.3 12.9 36.0
330.56 -20.54 84.0 0.47 17.8 13.34 67.0
330.71 -51.29 252.0 0.67 1.0 11.4 53.0
330.66 -20.8 258.0 0.2 34.1 8.62 90.0
330.64 19.74 102.0 1.0 21.1 13.6 0.0
330.8 -33.84 96.0 0.33 32.8 12.6 77.0
330.88 43.74 300.0 0.77 10.5 11.6 44.0
331.5 -50.12 108.0 0.85 37.6 12.55 36.0
331.69 -64.3 102.0 1.0 35.6 12.21 0.0
331.57 47.24 192.0 0.26 18.8 10.9 84.0
332.12 -57.42 162.0 0.53 20.5 8.86 63.0
331.96 31.36 228.0 0.88 16.0 10.64 32.0
332.33 -47.17 126.0 1.0 22.0 11.35 0.0
332.55 -16.67 126.0 0.45 22.0 12.11 68.0
332.56 -18.85 108.0 0.37 22.8 14.0 74.0
333.34 -46.01 126.0 0.38 24.8 12.61 74.0
333.73 -66.85 156.0 0.15 21.0 9.6 90.0
333.91 -45.85 120.0 0.33 22.3 12.9 77.0
334.21 -21.25 108.0 0.38 33.3 14.2 73.0
335.33 -46.06 360.0 0.51 11.1 11.04 64.0
336.63 16.15 120.0 0.69 26.2 12.8 50.0
336.7 16.17 60.0 0.7 27.0 14.9 50.0
337.1 30.3 138.0 0.8 16.2 12.6 41.0
337.61 33.82 132.0 1.0 15.1 13.8 0.0
338.09 -14.12 102.0 0.57 33.7 13.05 60.0
337.7 76.5 144.0 0.68 35.9 13.2 52.0
338.27 8.09 48.0 0.7 26.1 13.8 50.0
338.48 -40.92 162.0 0.34 25.9 11.15 77.0
338.57 32.87 204.0 0.87 13.9 13.81 33.0
338.94 -26.04 228.0 0.42 18.3 9.11 71.0
338.99 33.92 108.0 0.56 13.8 11.31 60.0
339.12 -2.89 132.0 0.85 22.9 13.16 35.0
339.27 34.42 528.0 0.46 14.3 6.4 68.0
339.34 23.79 180.0 0.27 18.2 11.72 82.0
339.44 23.79 132.0 0.33 19.3 12.28 78.0
339.64 34.07 72.0 0.82 19.1 13.87 39.0
339.77 -4.77 78.0 0.27 12.0 14.22 82.0
340.48 -44.8 168.0 0.6 21.4 12.0 58.0
340.59 -30.07 168.0 0.24 15.9 10.9 85.0
340.82 33.99 96.0 0.78 14.2 14.0 43.0
341.28 6.42 174.0 0.55 26.5 12.9 61.0
341.5 -11.0 90.0 1.0 31.2 12.64 0.0
342.48 82.89 132.0 0.36 32.2 13.0 75.0
343.75 -39.66 240.0 0.29 20.1 11.25 81.0
343.93 -42.64 240.0 0.73 21.1 11.8 47.0
343.92 -5.49 150.0 0.23 36.3 12.29 86.0
344.14 -37.01 204.0 0.7 17.8 11.82 50.0
344.14 -36.23 180.0 0.2 20.5 11.24 90.0
344.31 -43.39 330.0 0.63 21.0 8.08 56.0
344.29 -36.46 222.0 0.7 20.0 10.93 50.0
344.33 -41.08 528.0 0.81 11.5 10.75 40.0
344.44 -36.03 84.0 0.5 26.9 13.52 65.0
344.54 14.3 114.0 1.0 29.2 13.3 0.0
344.79 13.58 144.0 0.07 34.9 14.0 90.0
344.87 -37.69 132.0 0.67 16.0 9.88 53.0
345.01 15.98 144.0 0.51 30.3 11.7 64.0
345.24 30.15 252.0 0.62 12.3 11.28 56.0
345.47 15.98 138.0 0.22 33.5 12.4 87.0
345.47 15.96 42.0 1.0 26.1 14.1 0.0
345.54 -39.58 288.0 0.33 14.7 10.23 78.0
345.49 15.96 72.0 0.6 27.2 13.1 58.0
345.7 -40.84 210.0 0.17 13.0 10.24 90.0
345.74 16.6 60.0 0.7 28.9 13.7 50.0
346.22 12.32 228.0 0.76 32.4 11.44 45.0
346.32 16.85 144.0 0.37 29.5 13.5 74.0
347.29 18.17 204.0 0.38 24.1 9.87 74.0
347.44 -43.42 216.0 1.0 20.1 11.55 0.0
348.02 -28.54 132.0 1.0 19.3 11.22 0.0
348.28 6.32 96.0 0.94 10.0 14.1 23.0
348.28 6.4 150.0 0.14 13.0 13.2 90.0
348.63 4.5 102.0 0.28 35.3 10.68 81.0
348.69 -43.61 264.0 0.39 19.3 9.02 73.0
348.68 4.53 162.0 0.36 33.4 9.01 75.0
349.06 -42.61 210.0 0.89 19.5 11.31 31.0
349.58 -42.37 234.0 0.5 17.6 11.06 65.0
349.73 -42.24 132.0 0.37 17.3 11.6 74.0
349.77 -8.49 252.0 0.38 28.9 11.03 74.0
349.83 -42.25 228.0 0.31 20.2 11.3 79.0
350.12 17.22 96.0 1.0 23.0 12.73 0.0
350.52 40.84 468.0 0.25 8.6 8.89 85.0
351.09 -0.1 96.0 0.72 35.4 14.5 48.0
351.17 41.34 126.0 1.0 9.3 12.8 0.0
352.13 14.74 252.0 0.63 1.0 12.37 55.0
352.17 -41.32 162.0 0.97 18.1 12.2 17.0
352.5 40.99 294.0 0.82 9.2 12.13 39.0
353.16 -54.09 150.0 0.71 23.8 12.03 49.0
353.23 -51.69 102.0 0.38 16.4 12.2 73.0
353.61 -36.09 624.0 0.93 8.4 11.17 25.0
353.73 18.22 96.0 0.83 20.0 13.88 38.0
354.06 -37.92 234.0 0.42 8.2 11.1 71.0
354.06 2.16 108.0 0.75 36.9 12.8 45.0
354.08 2.16 132.0 0.15 36.3 13.8 90.0
354.14 0.31 120.0 0.89 33.7 12.8 30.0
354.36 0.41 162.0 0.64 35.1 14.01 55.0
354.38 17.99 90.0 0.64 34.2 14.2 55.0
354.44 -47.72 228.0 0.1 34.9 9.25 90.0
354.42 30.12 30.0 0.82 19.6 14.9 39.0
354.54 30.71 72.0 0.54 6.9 14.51 62.0
354.69 -6.52 144.0 0.38 26.1 9.69 73.0
354.74 -12.95 216.0 0.61 23.7 11.59 57.0
354.97 -12.28 204.0 1.0 23.3 11.46 0.0
355.15 26.22 180.0 1.0 12.4 12.7 0.0
355.38 3.74 90.0 0.7 36.8 13.4 50.0
355.98 26.07 228.0 0.69 12.3 11.69 51.0
356.06 10.76 120.0 0.91 22.2 12.08 28.0
356.08 9.92 174.0 0.83 24.4 12.02 38.0
356.25 -42.92 144.0 0.8 36.9 12.3 41.0
357.0 -30.53 204.0 0.78 37.0 11.6 43.0
357.2 26.22 90.0 0.39 12.9 15.06 73.0
357.75 -40.73 120.0 0.8 20.5 12.57 41.0
358.88 17.92 150.0 0.47 24.5 13.1 67.0
359.18 16.82 126.0 0.38 24.5 13.3 74.0
359.46 -32.57 516.0 0.7 2.8 7.87 50.0
359.86 20.76 90.0 0.94 32.6 12.6 23.0
359.89 14.81 144.0 0.72 23.9 12.8 48.0
