0.99 20.76 31.5 9.16
2.48 -24.97 6.8 9.68
3.48 -23.17 5.9 9.63
6.02 16.47 12.5 10.95
7.59 -33.25 19.0 7.51
8.56 -27.79 19.2 9.08
10.68 41.27 0.7 0.86
11.76 -20.74 2.1 7.62
11.88 -25.29 3.0 4.67
15.21 47.68 36.9 9.87
17.16 1.64 25.3 12.27
20.54 0.94 29.9 10.83
22.59 -22.67 19.5 9.58
23.48 30.65 0.7 4.36
23.57 -29.41 17.5 7.89
27.31 20.69 36.3 11.41
27.76 -9.7 22.7 10.02
29.09 -9.07 20.1 10.53
29.83 19.0 32.6 7.96
29.92 -5.95 17.3 8.64
30.31 28.82 4.7 10.88
30.93 16.03 27.6 10.34
31.12 -6.17 16.8 12.42
35.61 42.34 9.6 6.78
35.77 -21.22 17.8 8.29
36.47 18.49 20.3 9.96
36.82 33.59 9.4 8.72
37.71 37.13 10.3 9.71
38.08 35.5 10.1 11.03
39.07 25.43 10.7 10.72
39.81 40.88 10.7 9.98
39.89 -8.11 15.0 10.18
40.44 0.42 12.6 7.95
41.63 -0.24 34.9 9.9
44.21 -54.56 5.4 11.82
45.87 46.39 33.7 8.44
46.0 43.39 37.9 10.07
47.41 -41.01 10.1 11.81
47.58 -22.39 15.4 10.74
47.51 -53.34 10.7 10.21
48.39 -25.73 19.9 9.82
48.53 -2.81 21.1 9.97
48.44 -25.18 20.4 12.48
48.26 -57.36 12.3 10.63
49.21 -35.51 18.0 12.62
49.52 -27.61 15.7 10.41
49.63 -25.83 21.2 11.27
49.94 -19.4 18.8 8.79
50.98 -36.45 16.9 8.16
51.13 -21.5 17.7 9.54
52.03 -8.39 15.0 9.91
52.76 -33.61 16.9 8.28
52.9 -51.91 11.6 9.64
53.42 -36.13 16.9 7.18
54.33 -24.5 17.5 9.46
54.87 -31.33 11.8 9.33
55.63 -13.49 25.5 9.56
55.58 -29.89 17.4 8.85
56.13 -44.64 12.9 8.32
56.57 -34.92 16.9 9.68
57.37 -26.98 17.8 11.45
57.45 -71.63 16.3 10.73
59.41 -48.9 12.2 11.01
61.1 -2.18 10.6 10.75
64.46 -55.92 13.4 11.8
64.4 -62.77 14.3 9.01
65.28 -21.83 10.1 10.61
68.2 71.9 3.0 9.22
71.11 75.64 37.0 10.03
71.57 76.42 17.9 11.21
74.98 -26.02 7.8 9.92
76.35 -11.88 28.7 9.18
76.32 -37.98 13.6 8.24
78.8 -30.54 17.2 10.93
79.27 -64.96 15.4 10.72
83.32 -21.94 20.0 8.11
86.75 -34.23 10.2 8.61
95.95 78.52 24.7 11.05
100.16 -58.53 31.4 9.65
101.62 60.34 31.6 11.64
101.22 -27.63 23.2 8.61
103.87 69.58 20.6 10.39
108.56 84.38 34.4 9.21
106.98 15.17 30.0 11.36
109.4 23.35 31.5 10.35
111.65 80.16 33.9 8.59
112.49 79.86 31.7 10.67
112.22 69.19 2.9 10.78
114.22 65.6 4.2 6.43
114.11 -47.62 10.9 9.2
119.55 -49.85 12.8 9.02
122.87 76.43 25.5 11.83
123.65 49.06 10.6 10.26
129.32 78.02 22.9 10.33
128.32 -22.97 21.9 7.55
129.9 53.45 13.0 12.18
131.03 30.11 30.7 10.54
133.17 33.44 5.7 6.9
134.73 53.75 35.1 10.95
134.37 -69.06 17.1 10.77
137.36 33.09 29.6 10.45
139.59 73.75 34.8 10.52
139.49 -22.36 10.8 8.96
140.51 50.98 12.0 6.88
143.05 21.51 6.3 6.53
147.14 33.41 24.4 10.22
147.72 28.54 24.5 11.92
148.89 72.21 19.5 11.0
148.89 69.06 1.4 4.35
150.49 55.7 20.4 8.07
152.01 53.08 20.3 10.5
153.21 12.66 40.2 11.51
154.93 45.56 10.8 8.67
156.27 58.14 33.6 11.47
157.12 68.41 2.7 10.05
157.32 29.49 23.6 9.58
158.09 56.07 17.9 12.05
159.06 37.32 26.7 9.45
159.82 41.67 11.5 10.38
159.89 47.38 35.9 10.82
160.53 13.75 22.8 9.02
161.66 63.23 19.2 9.25
161.56 1.81 10.7 10.96
163.04 32.95 26.7 9.58
163.12 36.63 7.8 10.13
163.24 17.56 21.1 12.43
165.29 3.61 12.8 10.03
165.71 17.98 21.7 10.21
165.92 28.88 7.9 11.52
166.44 -0.03 7.2 6.48
167.74 53.39 43.0 10.06
167.9 55.67 14.1 8.04
168.93 41.59 10.5 10.64
169.58 -32.84 7.1 7.35
169.72 13.1 7.3 6.69
170.05 13.0 6.6 6.67
170.07 13.6 7.7 6.9
170.84 50.9 17.0 12.33
171.09 11.34 17.0 9.77
171.55 43.59 12.8 7.72
172.52 9.24 17.0 8.51
172.89 -30.3 24.6 7.95
173.35 47.04 17.0 8.87
173.73 54.85 22.1 11.09
174.02 70.52 41.0 9.2
174.13 36.4 27.6 11.18
174.18 54.28 23.5 9.65
174.81 46.5 17.0 11.7
175.33 36.53 26.4 9.87
175.59 51.6 17.0 12.07
176.53 47.48 17.0 8.63
177.18 48.72 17.0 8.77
177.7 51.83 17.0 9.98
177.7 45.8 17.0 12.77
178.11 -26.91 29.0 9.97
178.42 47.85 17.0 9.44
178.45 52.33 17.0 7.93
178.48 -20.57 25.1 10.65
178.92 55.32 17.0 10.43
178.99 6.75 37.7 9.14
179.19 53.17 17.0 12.03
179.39 53.37 17.0 7.96
179.64 47.25 17.0 10.41
179.64 43.95 17.0 8.48
179.79 52.7 17.0 11.66
181.01 31.9 9.7 9.27
181.33 50.35 17.0 10.01
181.38 50.53 17.0 8.42
181.46 -14.54 23.3 10.19
181.48 43.13 17.0 11.88
181.5 47.47 8.8 8.79
181.53 49.58 17.0 8.82
181.91 2.68 25.0 10.64
182.03 10.37 16.8 9.35
182.1 76.8 29.8 10.49
182.37 53.1 22.1 12.15
182.5 39.88 20.7 9.7
182.5 46.45 4.1 10.25
182.57 -29.74 30.2 10.46
182.77 50.48 17.0 8.28
183.18 10.87 16.8 10.09
183.32 43.68 17.0 10.6
183.43 14.88 16.8 7.69
183.81 13.02 16.8 10.27
183.94 47.08 17.0 8.59
183.98 13.15 16.8 7.26
184.16 69.47 2.2 9.03
184.37 37.8 3.1 8.68
184.74 47.3 6.8 6.07
184.83 5.82 35.1 7.95
184.96 5.47 35.1 9.96
185.33 11.5 16.8 10.72
185.98 16.68 16.8 8.42
186.02 31.52 9.7 11.22
186.11 7.32 16.8 7.36
186.23 11.7 16.8 8.43
186.25 12.88 16.8 6.99
186.3 14.75 16.8 9.45
186.33 10.0 16.8 9.76
186.35 18.18 16.8 7.06
186.43 7.22 16.8 10.67
186.43 12.8 16.8 9.89
186.45 12.65 16.8 8.78
186.55 12.93 16.8 6.99
186.62 31.22 9.7 7.82
186.8 12.74 16.8 9.66
186.85 11.1 16.8 7.66
186.9 13.07 16.8 8.1
186.95 13.0 16.8 7.74
187.01 9.8 16.8 7.75
187.13 17.09 16.8 8.03
187.17 22.82 6.2 11.57
187.23 13.24 16.8 10.04
187.25 13.97 16.8 7.93
187.25 13.19 16.8 8.67
187.33 8.15 16.8 9.92
187.43 8.0 16.8 6.18
187.45 13.42 16.8 7.57
187.48 14.07 16.8 9.52
187.5 12.35 16.8 10.16
187.58 12.32 16.8 8.9
187.58 13.57 16.8 10.55
187.7 12.39 16.8 6.56
187.9 16.85 16.8 10.73
187.98 14.42 16.8 7.1
188.11 0.35 14.5 11.6
188.21 37.62 6.2 11.48
188.38 8.65 16.8 10.73
188.4 9.15 16.8 10.53
188.51 7.7 16.8 7.08
188.58 6.47 15.5 10.39
188.58 8.19 16.8 8.44
188.61 2.19 13.3 8.26
188.7 15.22 16.8 14.43
188.63 63.52 41.5 10.79
188.88 12.22 16.8 9.14
188.9 12.55 16.8 7.41
188.99 27.95 9.7 8.3
189.06 25.97 9.7 6.63
189.07 40.0 6.8 12.46
189.2 13.15 16.8 7.41
189.23 7.24 16.8 8.32
189.38 9.55 16.8 9.01
189.81 -0.54 9.6 10.49
190.5 11.64 16.8 7.35
190.71 2.69 17.0 7.49
190.93 11.55 16.8 6.48
190.92 16.37 16.8 8.62
190.97 13.1 16.8 8.76
191.13 11.19 16.8 8.46
191.52 64.56 36.2 12.47
192.1 8.49 16.8 8.36
192.42 15.16 16.8 8.41
192.51 5.31 17.9 10.43
192.63 25.49 12.4 7.05
193.07 11.31 16.8 7.94
193.19 15.84 16.2 11.15
193.69 19.17 23.0 11.72
193.96 4.31 20.9 9.92
194.18 21.67 4.1 6.06
195.57 -50.33 18.4 10.09
195.51 58.69 14.2 12.34
196.07 -10.33 44.3 8.99
196.27 -6.5 22.2 9.59
197.5 34.18 17.3 12.79
198.05 44.03 6.0 10.69
198.37 36.58 18.7 7.47
198.87 -24.01 21.7 9.96
198.93 42.01 7.2 6.28
200.36 38.53 19.9 12.19
202.28 -33.19 33.5 9.16
202.44 -17.95 24.0 8.3
202.39 58.4 4.8 10.29
202.48 62.5 29.9 10.38
206.3 41.71 37.8 9.17
207.05 3.95 23.1 10.36
207.57 41.36 37.8 10.26
208.55 5.23 26.2 11.46
208.68 53.9 3.9 12.43
209.49 -29.3 37.3 8.58
211.85 55.09 25.6 12.4
212.89 -1.15 26.4 11.17
213.71 25.31 21.5 10.35
213.87 36.21 43.9 9.25
214.94 56.72 7.0 10.14
215.3 3.43 25.9 10.74
216.89 41.26 41.3 11.82
218.18 49.46 34.5 8.82
219.43 2.25 28.8 9.74
219.94 -0.74 28.8 11.42
220.72 4.88 27.6 10.41
221.11 1.68 26.6 9.54
221.25 1.95 29.4 7.67
224.59 -1.08 30.6 8.14
225.0 1.88 28.5 9.32
227.3 -11.32 28.9 9.63
227.42 57.01 16.8 9.25
227.65 64.89 35.8 12.62
227.93 59.81 38.9 9.95
228.97 56.33 14.9 7.52
231.65 40.55 40.6 10.3
231.97 64.74 11.2 10.32
233.43 14.99 29.5 11.05
235.51 0.7 30.2 11.33
235.73 14.22 20.7 10.88
237.86 62.31 17.5 9.11
242.48 0.7 31.2 9.41
243.59 -0.2 31.5 10.29
244.7 7.41 24.5 10.29
245.47 -2.28 25.4 9.37
248.09 19.82 36.7 9.26
253.66 36.5 18.3 11.88
256.75 -62.08 19.5 10.83
259.27 40.84 33.7 11.05
261.78 11.54 40.9 9.54
261.61 71.09 21.6 11.44
263.1 7.06 26.6 8.4
270.48 6.96 30.1 10.13
272.77 14.09 34.5 10.71
274.93 74.57 25.5 8.97
278.71 70.52 12.2 10.51
287.06 50.93 37.0 10.4
308.57 -31.97 36.6 8.62
313.03 -69.21 6.7 10.17
314.31 25.96 23.7 10.88
318.62 26.74 15.7 12.09
321.84 -60.01 21.5 9.89
323.93 -63.89 38.7 8.8
324.12 -54.55 10.4 9.45
330.66 -20.8 34.1 8.62
332.12 -57.42 20.5 8.86
333.73 -66.85 21.0 9.6
338.48 -40.92 25.9 11.15
338.94 -26.04 18.3 9.11
338.99 33.92 13.8 11.31
339.27 34.42 14.3 6.4
340.59 -30.07 15.9 10.9
344.14 -36.23 20.5 11.24
344.31 -43.39 21.0 8.08
344.87 -37.69 16.0 9.88
345.54 -39.58 14.7 10.23
345.7 -40.84 13.0 10.24
347.29 18.17 24.1 9.87
348.63 4.5 35.3 10.68
348.69 -43.61 19.3 9.02
348.68 4.53 33.4 9.01
350.52 40.84 8.6 8.89
354.44 -47.72 34.9 9.25
354.69 -6.52 26.1 9.69
359.46 -32.57 2.8 7.87
