     RAJ2000     DEJ2000     Jmag     Kmag
       F10.6       F10.6     F6.3     F6.3
         deg         deg      mag      mag
    2.320330   89.680397   15.154   14.498
    2.506572   89.679520   14.334   13.535
    0.414183   89.715782   13.914   13.120
    0.413668   89.697563   13.937   13.037
    0.674765   89.749489   14.127   13.542
    0.932587   89.725365   14.017   13.278
    3.117949   89.707146   15.435   14.903
    4.744058   89.716087   17.917   15.212
    4.791975   89.695854   16.737   15.510
    0.061788   89.788094   16.229   15.497
    0.642204   89.791298   15.608   14.763
    2.946570   89.787216   16.296   14.666
    3.564368   89.803986   16.119   15.243
    3.790312   89.761917   18.498   15.230
    4.294840   89.798180   16.007   15.263
    1.450483   89.830254   18.519   15.023
    1.746177   89.851479   16.674   15.836
    4.857128   89.862091   18.544   15.169
    4.894737   89.868004   15.095   14.349
    1.542172   89.918373   14.937   14.293
    4.179159   89.905403   18.564   15.148
    7.822207   89.678680   16.131   15.520
    5.678228   89.738098   15.963   14.785
    6.623220   89.730476   14.504   13.899
    6.705563   89.717430   15.232   14.532
    7.068145   89.695351   15.048   16.530
    8.107167   89.700737   16.798   15.389
    8.187527   89.721077   16.716   17.098
    8.537488   89.733688   14.142   13.278
    8.871086   89.715775   17.826   15.200
    9.098077   89.748672   16.890   15.568
    5.046180   89.755295   15.928   14.894
    5.235197   89.776947   14.912   14.116
    6.384745   89.805481   14.718   14.382
    6.780817   89.783455   14.576   14.127
    7.412561   89.779198   18.513   16.696
    5.082878   89.869774   15.151   14.475
    6.861742   89.813789   18.365   15.130
    7.221416   89.817719   13.580   13.155
    9.658381   89.830917   17.133   15.687
    5.242645   89.882553   18.535   15.050
    5.777529   89.877678   15.509   14.666
    6.080597   89.878769   15.855   15.210
    7.358402   89.877342   16.926   15.734
    9.072010   89.932259   16.684   15.491
   14.052261   89.675797   15.730   14.814
   10.086045   89.694389   14.415   13.961
   12.299433   89.698532   17.008   15.259
   12.321284   89.690216   17.046   15.874
   12.611664   89.695641   16.236   15.195
   10.725187   89.761696   16.693   15.668
   12.566875   89.807571   17.435   15.703
   12.563080   89.751038   15.548   14.855
   12.667319   89.778397   16.213   14.990
   13.852270   89.754807   16.143   15.002
   12.043857   89.832428   15.379   14.287
   12.485027   89.854858   14.895   14.325
   12.513748   89.843567   15.094   14.646
   11.962849   89.880600   16.123   15.493
   10.439434   89.977051   15.360   14.606
   15.858567   89.683098   15.823   14.826
   15.560215   89.743263   15.863   14.837
   15.859824   89.699272   16.264   15.495
   16.039524   89.697014   16.664   15.355
   16.019219   89.732956   16.362   15.394
   16.595547   89.689079   16.032   15.372
   17.924951   89.722176   15.300   14.513
   18.972926   89.708366   18.587   16.344
   19.056312   89.691788   16.606   17.057
   19.191855   89.690651   16.433   17.070
   19.608632   89.688705   15.638   15.087
   19.625900   89.729362   16.669   15.052
   16.780456   89.767403   15.440   14.731
   17.624590   89.762489   14.124   13.549
   17.947761   89.780716   16.503   15.476
   19.098601   89.753502   16.678   15.353
   19.545917   89.817665   16.315   15.442
   16.002978   89.922852   16.616   17.052
   23.118798   89.669281   16.243   15.725
   24.179700   89.675499   16.149   15.299
   24.202564   89.674942   16.292   15.512
   24.961303   89.672188   16.405   15.909
   20.016251   89.688354   15.909   15.323
   22.422168   89.690071   17.102   15.360
   22.378109   89.749947   16.165   15.306
   23.227736   89.733421   15.855   14.630
   23.526234   89.711250   14.436   14.115
   23.792199   89.720306   14.140   13.592
   24.134199   89.710846   14.972   14.227
   24.534982   89.698341   15.154   14.562
   20.034379   89.792099   13.822   13.178
   20.361345   89.766174   16.497   16.782
   20.604376   89.801590   17.427   16.560
   21.033980   89.764214   15.910   15.577
   21.198822   89.756294   16.037   16.128
   22.424139   89.807564   15.697   15.267
   23.429613   89.792847   15.396   14.690
   24.139112   89.759926   16.030   14.912
   20.228913   89.829903   14.660   14.168
   20.485007   89.847443   17.888   17.097
   20.953475   89.858650   13.797   13.363
   23.686842   89.868454   15.774   14.846
   23.805853   89.828156   16.790   15.534
   20.870486   89.941452   15.926   14.998
   23.510793   89.977364   16.475   16.140
   27.581488   89.683456   15.460   14.719
   25.933286   89.699585   16.878   15.907
   26.758110   89.718735   16.578   14.823
   27.110250   89.720024   14.558   13.861
   27.348988   89.720947   15.382   14.952
   27.851505   89.695206   15.644   14.961
   29.664916   89.801109   16.243   15.599
   29.993377   89.756226   14.274   13.956
   25.005129   89.871735   15.922   15.280
   25.348608   89.814812   14.773   14.311
   26.063638   89.905479   14.788   13.745
   29.287132   89.909035   18.546   15.037
   25.986583   89.942993   14.129   13.803
   32.128475   89.748482   16.341   16.218
   33.204316   89.734314   14.654   13.732
   33.340307   89.687790   16.495   16.310
   30.523246   89.782097   16.638   15.339
   30.603690   89.796822   15.570   15.185
   33.514144   89.799950   16.055   15.364
   33.765276   89.754807   15.897   14.746
   30.009514   89.850891   18.262   16.787
   30.633133   89.893684   15.898   15.133
   32.572985   89.950096   16.701   16.531
   34.198013   89.957054   16.244   15.637
   39.904172   89.668137   15.787   15.112
   35.135514   89.701050   16.437   15.716
   38.410789   89.717072   15.074   14.469
   38.572195   89.698303   15.004   14.326
   38.643830   89.709412   16.187   15.085
   39.028885   89.691078   16.529   16.762
   39.231170   89.725487   14.633   14.141
   39.406906   89.688232   16.476   14.820
   35.260561   89.761307   16.912   15.411
   36.191167   89.781631   15.441   14.563
   38.145401   89.779861   15.801   14.446
   39.310395   89.783035   15.968   14.888
   39.546835   89.789810   15.538   14.896
   35.680455   89.913200   15.620   14.806
   35.776198   89.908752   18.659   15.232
   35.985422   89.885597   16.483   15.168
   37.600409   89.918365   15.522   14.947
   39.986419   89.875687   14.712   14.060
   40.132345   89.712227   16.096   14.843
   40.468539   89.700172   16.541   15.065
   40.571644   89.711731   15.372   14.702
   41.955968   89.693718   16.142   15.470
   42.751448   89.710152   16.793   15.697
   43.171343   89.706673   15.828   15.051
   44.092147   89.748169   15.090   14.700
   40.898765   89.801270   16.536   15.641
   41.698266   89.761627   14.502   14.082
   43.646684   89.793518   14.801   14.073
   43.973222   89.761322   16.166   15.289
   43.940201   89.784393   14.428   14.004
   44.191239   89.794502   16.489   16.603
   40.683084   89.820023   15.692   14.634
   42.479187   89.817993   14.229   13.952
   44.554944   89.820946   16.514   16.003
   40.582752   89.894585   15.873   14.775
   44.893098   89.947098   16.667   16.468
   45.118447   89.667099   13.720   13.305
   46.849540   89.682861   15.871   15.268
   46.327739   89.731888   15.165   14.479
   47.056174   89.695351   16.028   15.007
   47.438583   89.747131   15.527   14.966
   47.671940   89.688210   16.497   15.601
   48.814857   89.727936   15.534   15.060
   49.813751   89.689316   14.417   13.984
   45.543391   89.782387   16.764   15.258
   46.900998   89.754364   16.478   15.788
   47.671741   89.754089   16.335   14.630
   49.388199   89.762207   14.081   13.622
   49.675859   89.766907   16.257   15.900
   49.981493   89.792336   16.334   15.415
   47.589298   89.824982   14.809   13.782
   48.815560   89.851128   13.837   13.074
   48.890813   89.853294   14.961   14.165
   49.710186   89.869652   16.331   16.656
   46.414892   89.908554   16.768   17.110
   46.965178   89.911514   15.204   14.732
   48.615581   89.950653   16.813   16.883
   51.362085   89.667679   15.734   14.600
   50.740757   89.705948   15.756   15.217
   51.813057   89.720551   14.927   13.944
   52.289021   89.746475   16.910   15.452
   53.197314   89.704697   18.617   15.184
   53.579055   89.735527   16.672   15.691
   52.254324   89.754410   15.535   14.851
   53.668643   89.783531   16.519   16.089
   54.389132   89.776909   16.301   15.005
   52.542787   89.847115   16.706   15.754
   53.359313   89.874519   15.859   15.358
   54.045070   89.858040   14.911   14.390
   54.660080   89.844765   15.238   14.631
   50.603289   89.884422   16.158   15.063
   53.215497   89.925583   16.774   15.494
   53.641543   89.916092   17.906   14.906
   56.265006   89.714043   15.525   14.540
   56.258371   89.702469   15.174   14.266
   57.664361   89.713745   16.556   16.757
   57.726430   89.718498   16.908   15.111
   58.864825   89.703453   15.929   16.057
   55.236314   89.761086   15.240   14.691
   59.055181   89.780464   16.671   15.589
   59.744872   89.801605   16.538   15.749
   59.739728   89.802200   16.609   15.479
   56.510315   89.856361   14.382   14.197
   59.137491   89.830315   16.672   15.712
   59.814110   89.872696   15.271   14.542
   57.551927   89.894135   16.989   14.776
   58.801980   89.904961   15.055   14.428
   59.022094   89.916817   16.895   15.891
   64.887924   89.679070   16.877   15.610
   60.691593   89.715355   15.890   15.430
   64.414976   89.710197   14.650   14.375
   64.805742   89.731743   16.603   16.438
   64.982631   89.734207   16.585   15.565
   62.287668   89.798622   16.124   15.332
   63.851282   89.769653   16.537   17.050
   64.226465   89.803726   17.985   14.954
   60.086734   89.871834   15.957   14.847
   61.561779   89.831909   15.854   14.777
   61.783601   89.906288   16.471   15.519
   62.290340   89.950264   18.269   16.762
   66.571458   89.671875   16.125   15.526
   65.279902   89.702148   16.241   14.553
   66.114191   89.705070   16.532   15.058
   66.235759   89.735359   18.072   14.717
   66.478557   89.714363   15.653   14.606
   68.113455   89.724968   16.863   15.881
   69.760431   89.710968   15.953   15.091
   65.043903   89.781013   18.083   14.807
   65.158500   89.767838   15.908   15.152
   65.859333   89.809425   16.593   17.044
   69.693201   89.805885   16.370   15.297
   67.966459   89.819633   17.143   15.962
   66.293728   89.919174   15.429   14.910
   69.521788   89.936272   15.331   14.893
   69.984375   89.896858   15.187   14.804
   65.306708   89.940643   15.917   14.650
   66.939183   89.946655   16.406   15.341
   67.239110   89.957741   16.173   15.565
   67.789591   89.949379   16.246   15.673
   70.656179   89.683517   14.110   13.299
   70.199119   89.748520   16.789   15.618
   70.491418   89.737221   14.602   13.749
   70.714844   89.733978   15.156   14.478
   71.695764   89.695671   14.597   14.220
   72.910975   89.691345   14.968   14.231
   74.195766   89.721771   16.445   15.775
   70.022885   89.770119   14.971   14.187
   70.755411   89.779449   16.757   15.467
   71.733038   89.772125   16.307   15.824
   71.703936   89.757896   16.705   15.496
   72.317713   89.771042   16.615   17.170
   72.460169   89.872742   15.256   15.046
   72.869683   89.823631   16.295   15.775
   74.385551   89.814713   16.692   15.374
   71.014472   89.923927   16.828   16.378
   74.892309   89.882111   18.390   14.930
   74.304832   89.979912   16.703   16.318
   77.955994   89.678345   15.223   14.614
   78.820487   89.669304   16.307   15.230
   75.587500   89.712433   16.164   15.487
   76.509934   89.695862   14.556   14.060
   76.642551   89.714912   16.453   16.445
   77.597912   89.724457   15.903   14.783
   77.587726   89.730225   15.838   15.353
   77.571543   89.713898   13.811   13.245
   78.707925   89.716835   17.771   15.254
   79.454537   89.726303   16.652   15.430
   75.612644   89.753326   16.024   15.328
   75.588686   89.763260   16.577   16.743
   77.766356   89.788857   14.769   14.308
   78.455040   89.800522   18.706   15.147
   79.145222   89.776344   15.597   14.389
   75.056431   89.841255   14.519   14.252
   75.951364   89.833961   14.894   14.537
   77.830108   89.826019   15.418   14.915
   75.361442   89.921143   16.437   15.336
   78.032790   89.917084   18.575   16.546
   78.661743   89.900078   16.252   15.303
   75.017831   89.942291   16.101   15.150
   78.158658   89.989044   15.715   14.672
   78.403255   89.985268   18.600   15.078
   79.221887   89.972488   16.056   15.353
   81.728393   89.670204   16.820   15.704
   80.286985   89.703690   16.724   15.508
   82.862812   89.742989   16.806   15.844
   83.302819   89.697876   15.095   14.187
   84.941194   89.732628   15.761   15.275
   80.401433   89.772728   16.509   15.842
   81.366046   89.752052   16.550   16.941
   83.035356   89.791771   14.754   14.129
   83.602906   89.786011   13.610   13.245
   80.143371   89.837006   15.469   14.651
   81.680812   89.860329   14.905   14.473
   82.776217   89.864265   14.318   13.515
   83.597529   89.843910   16.697   16.877
   83.907379   89.857086   16.614   15.737
   84.112390   89.816116   16.801   15.300
   80.085219   89.927124   16.841   16.265
   81.189922   89.877502   15.325   14.844
   84.615221   89.939362   16.535   16.747
   85.723528   89.741249   15.768   14.721
   86.879507   89.722748   15.222   14.567
   87.985609   89.726540   14.677   14.187
   88.526288   89.699341   16.644   15.582
   89.401422   89.690323   16.676   15.614
   89.515245   89.727562   16.323   15.238
   89.551904   89.777748   17.047   15.265
   85.742550   89.831894   14.537   13.818
   87.207911   89.851036   16.246   15.441
   87.758319   89.854744   16.125   15.006
   89.675787   89.869705   14.819   13.763
   85.713314   89.900063   16.730   17.179
   87.600411   89.936981   13.629   13.193
   87.774859   89.934212   14.941   14.280
   88.253343   89.898125   16.571   16.228
   86.339643   89.939819   14.704   14.050
   86.793746   89.969536   16.780   15.471
   90.020646   89.684982   16.455   15.044
   90.384174   89.737045   17.070   15.982
   91.014197   89.710541   15.368   14.889
   91.662599   89.720642   17.151   15.651
   92.691031   89.706619   14.188   13.462
   93.219004   89.690399   15.017   14.552
   93.445126   89.745422   16.641   15.843
   94.104548   89.740715   16.857   15.890
   94.521806   89.719017   16.848   15.662
   94.667659   89.689911   15.642   15.215
   94.661070   89.727844   14.750   13.814
   94.803244   89.688286   15.417   15.154
   91.256493   89.767441   16.015   15.496
   91.538869   89.761978   16.809   17.109
   93.283857   89.799400   16.479   15.240
   93.527645   89.813828   16.687   15.555
   90.440459   89.913422   16.570   16.710
   90.731425   89.925148   17.121   15.922
   90.775200   89.898849   16.468   15.310
   91.936951   89.899055   15.192   14.512
   96.593495   89.685249   16.497   16.024
   95.073171   89.744759   15.379   14.611
   97.234569   89.705627   14.884   14.647
   97.408961   89.724602   16.608   15.430
   98.050096   89.700172   15.914   15.106
   98.940638   89.738457   13.416   13.008
   99.600681   89.720276   15.216   14.716
   95.341493   89.810814   15.478   14.643
   95.689550   89.800507   16.475   15.817
   97.536129   89.783844   16.109   15.767
   97.702368   89.785355   16.420   14.903
   99.068969   89.771873   15.973   14.956
   97.538926   89.850037   16.768   15.711
   99.288153   89.832626   13.918   13.488
   95.244827   89.882133   14.797   14.174
  101.463800   89.668564   16.399   15.726
  102.053684   89.676926   13.614   13.035
  104.290696   89.675972   15.115   14.550
  104.910137   89.680290   16.825   15.828
  100.600854   89.705872   16.423   15.677
  100.684599   89.693123   16.776   15.620
  100.053160   89.805168   15.587   14.810
  100.631660   89.790421   15.478   14.958
  101.286592   89.773773   15.891   14.973
  101.491293   89.769447   14.142   13.813
  104.187700   89.759842   17.267   15.839
  104.667625   89.759537   16.003   15.346
  100.346977   89.863274   16.632   16.502
  100.486962   89.858681   15.344   14.541
  103.906245   89.837761   15.145   14.531
  103.964409   89.872482   16.771   14.598
  104.084407   89.873512   15.594   14.442
  104.154821   89.819374   13.596   13.122
  104.559042   89.874519   16.770   15.384
  104.630494   89.832932   16.486   15.184
  101.145267   89.916641   16.825   16.904
  104.644852   89.890518   18.406   15.965
  108.037132   89.687363   16.689   16.797
  109.989378   89.674194   15.093   14.204
  106.138263   89.705391   16.650   15.113
  106.845853   89.747948   14.729   14.054
  108.017025   89.731796   15.756   15.248
  108.103548   89.729782   16.866   15.628
  109.124113   89.699867   16.803   15.467
  105.245270   89.785843   17.362   15.778
  106.005323   89.786919   16.517   15.571
  107.938297   89.801094   16.197   15.056
  106.476203   89.835213   16.441   15.325
  109.163633   89.865158   16.793   16.928
  114.572802   89.679359   13.709   13.154
  114.793979   89.675034   15.781   14.688
  110.107052   89.702400   16.261   15.709
  113.117607   89.709335   15.929   14.750
  114.664358   89.743431   15.465   14.759
  110.249055   89.773438   14.620   13.720
  110.309241   89.829025   15.686   14.787
  111.519779   89.856255   17.215   15.583
  112.731199   89.847153   16.039   15.382
  114.207185   89.821625   16.059   15.307
  111.644707   89.887718   16.266   15.439
  113.368185   89.885895   16.595   15.507
  114.302008   89.924469   15.658   15.838
  110.922120   89.983841   18.471   17.006
  116.777123   89.674522   15.681   14.705
  119.998301   89.685135   16.709   15.418
  116.706990   89.723221   13.968   13.316
  117.575487   89.725533   16.671   15.725
  118.702480   89.701401   16.256   15.736
  118.765192   89.703232   14.822   13.935
  119.073090   89.703186   14.599   13.940
  119.463015   89.700638   17.449   15.271
  117.301310   89.764282   16.330   15.623
  117.306079   89.806366   13.979   13.144
  116.599039   89.852257   16.710   16.342
  117.167988   89.825043   15.319   14.434
  118.393221   89.828857   15.711   15.120
  116.421034   89.876732   14.675   14.479
  116.705727   89.928360   15.348   14.807
  120.100890   89.684654   16.240   15.440
  124.692834   89.686775   13.587   13.050
  120.887477   89.696716   14.515   13.950
  121.207187   89.706985   15.922   15.396
  123.647366   89.748642   15.958   15.071
  122.514749   89.792747   15.533   15.245
  124.372082   89.780617   15.862   14.750
  120.721528   89.829521   16.091   15.037
  121.160581   89.829453   16.614   14.532
  121.300388   89.830208   16.267   15.165
  123.855887   89.832870   15.534   14.023
  123.955520   89.822517   16.850   15.395
  122.280852   89.895668   16.491   15.383
  122.431975   89.880554   18.652   17.092
  124.187383   89.894417   16.675   15.454
  125.532486   89.674683   16.414   15.609
  127.592657   89.681480   14.013   13.531
  125.159347   89.723915   15.438   14.589
  125.258870   89.746078   16.761   17.110
  125.267244   89.728172   15.620   15.434
  125.941674   89.730988   16.795   17.055
  127.296822   89.732010   16.871   16.167
  128.637443   89.701530   14.689   14.159
  129.535994   89.700592   16.516   15.771
  125.352425   89.754341   16.760   16.172
  125.563727   89.765327   15.843   15.628
  125.705451   89.768791   16.711   15.489
  126.103692   89.766502   14.660   14.122
  127.451706   89.793022   17.013   15.283
  129.512348   89.752045   14.227   13.859
  125.373406   89.860397   16.628   15.655
  125.714638   89.867844   15.609   14.596
  125.994254   89.844177   17.523   14.981
  126.303689   89.812622   16.455   15.314
  127.362976   89.862282   16.174   15.383
  128.032153   89.848709   16.824   16.193
  129.080705   89.851479   17.242   16.022
  129.399512   89.835426   14.007   13.375
  125.740985   89.891533   14.778   14.074
  125.971564   89.893517   16.602   15.488
  126.267036   89.879845   16.033   14.887
  126.849091   89.908424   16.794   15.919
  126.983716   89.877182   14.064   13.606
  128.010598   89.911263   14.810   14.369
  128.205003   89.922768   15.511   14.701
  127.332189   89.948181   15.733   14.858
  127.969362   89.954369   15.624   14.863
  133.703191   89.672394   15.519   14.412
  130.032309   89.716270   16.665   16.003
  130.349051   89.710548   16.477   15.361
  131.568011   89.737541   15.515   14.652
  131.786106   89.688446   14.004   13.131
  132.036889   89.687767   14.848   14.109
  134.068733   89.714989   16.042   14.909
  130.732012   89.791260   16.022   15.538
  131.383071   89.809464   16.788   15.558
  132.286034   89.810837   16.716   17.098
  133.803989   89.797623   16.449   14.712
  133.976996   89.798622   14.464   13.967
  134.027175   89.796188   16.737   15.254
  134.750386   89.780533   14.334   13.755
  134.891043   89.789757   16.617   15.399
  132.991150   89.817268   14.599   14.248
  133.213423   89.850357   16.256   15.370
  135.841453   89.681465   16.052   15.184
  137.018172   89.679794   16.964   15.681
  138.396839   89.687080   16.754   17.132
  139.567556   89.671242   15.961   15.074
  135.122848   89.713516   15.325   14.849
  137.963500   89.738419   16.117   15.235
  138.583631   89.746902   15.780   14.771
  137.268865   89.807930   18.774   16.958
  138.717751   89.770859   14.491   13.718
  139.094083   89.757385   15.924   15.361
  139.230666   89.787827   15.117   14.511
  135.246701   89.832619   17.371   15.501
  136.041480   89.831367   16.680   16.177
  136.218715   89.842171   16.757   16.543
  136.284547   89.840782   16.764   15.335
  138.857972   89.828827   18.507   17.197
  138.910042   89.830345   18.803   17.172
  139.400156   89.815475   15.382   15.012
  136.019708   89.904945   16.666   16.167
  136.147039   89.935555   16.567   15.296
  136.914696   89.909706   16.480   14.638
  136.975127   89.948372   13.795   13.233
  141.008058   89.677216   17.140   15.494
  141.745931   89.685860   16.676   15.768
  141.955957   89.671028   14.003   13.107
  143.128028   89.684608   13.585   13.030
  140.111211   89.726837   15.880   14.971
  141.135879   89.732597   16.783   17.152
  141.130687   89.716530   16.415   15.742
  141.807535   89.746613   16.748   16.140
  142.644518   89.742310   13.968   13.435
  143.337620   89.708633   16.850   16.713
  143.970539   89.724937   13.991   13.535
  144.915168   89.700607   14.973   14.368
  140.232801   89.776993   16.969   15.538
  140.576925   89.756241   14.736   13.962
  143.967717   89.757980   16.362   15.807
  143.992184   89.807823   16.199   15.636
  144.562323   89.763268   15.163   14.638
  144.501561   89.758865   15.979   15.047
  140.287896   89.855446   14.178   13.424
  140.335812   89.858963   15.530   14.747
  141.019384   89.852562   18.588   17.073
  143.403624   89.851089   14.307   13.665
  143.908072   89.874405   18.627   16.185
  144.621998   89.872383   18.551   16.804
  142.968458   89.936356   16.647   15.725
  144.901784   89.941444   16.647   17.033
  145.004822   89.677605   16.036   15.080
  148.654113   89.668388   16.419   15.663
  149.536064   89.685593   15.835   15.357
  147.901722   89.725075   14.882   14.671
  148.445031   89.739265   16.554   15.353
  148.469557   89.725868   16.347   15.300
  148.757878   89.700294   13.510   13.005
  149.888760   89.699547   14.107   13.485
  145.206020   89.784149   14.369   13.887
  145.309373   89.764763   18.465   15.115
  145.664942   89.795036   15.958   15.610
  148.641396   89.753952   16.454   15.282
  148.760833   89.771729   15.974   15.419
  149.281664   89.827385   17.367   15.609
  147.962469   89.895897   17.285   16.739
  148.029504   89.879074   15.385   14.753
  152.812255   89.672287   16.569   14.603
  152.917707   89.667389   15.527   15.152
  153.673351   89.677254   16.165   15.708
  151.677231   89.710075   14.229   13.405
  152.330708   89.693893   16.395   15.003
  152.695589   89.699883   13.796   13.243
  153.131030   89.699585   14.477   13.649
  154.006521   89.688759   16.566   15.492
  150.772006   89.788467   14.990   14.559
  152.094661   89.771400   16.406   15.344
  153.781382   89.782837   16.584   15.412
  151.785025   89.873848   18.508   16.775
  153.786903   89.851318   16.760   15.496
  154.091788   89.916634   18.608   16.899
  154.441928   89.926414   16.815   17.160
  156.510171   89.672958   16.691   15.605
  155.221746   89.740097   14.554   13.978
  157.562664   89.740288   16.811   15.748
  157.812413   89.737900   15.236   14.297
  158.806448   89.722740   16.874   15.746
  159.261895   89.728249   13.998   13.530
  157.300598   89.773865   15.925   15.594
  158.279552   89.786774   16.865   16.112
  159.910010   89.800186   16.614   15.104
  155.405622   89.818321   16.430   15.659
  156.014807   89.865326   15.888   15.142
  158.280364   89.821220   17.167   15.684
  155.656628   89.911362   16.460   15.096
  158.236867   89.918480   16.019   14.933
  159.884601   89.912590   15.430   14.483
  163.821621   89.686722   16.170   15.324
  160.860753   89.717628   16.591   14.926
  161.470176   89.707268   16.138   15.397
  163.330416   89.742683   16.351   15.354
  164.050230   89.713211   14.380   13.589
  164.413871   89.731750   18.366   15.140
  161.531682   89.760086   16.487   15.094
  161.786740   89.775574   15.895   15.413
  162.650090   89.754761   15.846   15.145
  164.199542   89.789383   15.018   14.605
  164.349607   89.766335   15.836   14.847
  161.410546   89.850273   15.355   14.635
  161.547543   89.851173   15.493   14.678
  163.805108   89.847847   14.767   14.373
  161.832364   89.917480   16.426   15.022
  163.598474   89.924232   14.935   14.033
  164.083883   89.935768   18.752   17.216
  164.337947   89.919327   14.334   13.946
  163.134056   89.948288   16.858   15.650
  166.143640   89.668427   16.807   15.350
  167.169083   89.674904   16.365   15.567
  168.216551   89.675957   13.764   13.416
  168.828230   89.679382   16.520   14.857
  167.066346   89.694633   14.295   13.419
  168.970399   89.690376   16.963   15.746
  165.231582   89.782684   15.862   14.907
  165.430615   89.773994   15.286   14.577
  165.441193   89.789642   15.345   14.760
  166.362608   89.790085   16.089   14.922
  166.556127   89.773415   16.244   15.418
  168.014862   89.803963   16.506   15.980
  166.097141   89.851570   13.502   13.016
  167.963109   89.833084   13.816   13.328
  171.330802   89.667511   16.190   14.937
  174.271270   89.682632   15.462   14.706
  170.745484   89.695564   14.334   13.711
  170.856279   89.737389   15.322   14.295
  171.882536   89.691109   16.544   15.245
  172.326655   89.722694   17.217   16.941
  174.797007   89.726738   16.322   15.644
  173.000708   89.768593   15.790   14.938
  173.732715   89.761032   16.088   15.276
  171.685783   89.844017   13.953   13.578
  172.457776   89.832603   14.432   13.500
  173.546596   89.829750   16.865   15.559
  174.875548   89.859818   16.712   15.840
  171.469639   89.905724   18.597   16.518
  173.270355   89.934067   13.725   13.250
  174.163401   89.877678   16.694   15.986
  177.090443   89.678085   15.943   15.804
  178.490942   89.669456   16.195   16.510
  179.347814   89.689110   15.374   14.797
  175.395039   89.776093   16.121   15.256
  176.530657   89.797577   15.645   14.713
  177.514495   89.755745   15.767   14.976
  177.751242   89.767227   15.123   14.581
  179.900128   89.772675   15.974   14.875
  176.194390   89.819977   18.077   14.377
  178.556529   89.844437   15.675   14.667
  178.791919   89.862946   13.570   13.057
  179.520627   89.814537   16.199   16.027
  178.703151   89.889435   14.540   14.175
  182.282081   89.668739   15.960   15.264
  183.795995   89.670807   16.738   15.187
  184.278247   89.681473   15.605   15.085
  184.437246   89.687424   16.684   16.325
  180.428134   89.722885   16.780   15.802
  181.270649   89.718323   14.657   14.122
  181.763463   89.715118   14.100   13.549
  182.111827   89.688667   14.336   13.812
  182.798205   89.720818   14.333   13.850
  183.852728   89.726555   16.470   16.536
  183.909686   89.723244   14.604   13.835
  184.438542   89.736809   15.595   14.790
  184.875547   89.701302   15.902   15.334
  181.342213   89.778046   14.407   14.005
  181.676005   89.769379   14.920   14.088
  182.499315   89.769882   15.393   14.574
  184.253865   89.781456   15.220   14.527
  181.830567   89.869675   16.519   15.148
  182.697557   89.840240   15.935   14.959
  184.103425   89.845085   17.787   13.648
  182.799894   89.919891   18.329   16.667
  184.134182   89.933052   14.348   13.752
  180.216382   89.967781   16.804   17.163
  181.357693   89.951408   18.734   16.349
  183.329966   89.950684   16.607   15.796
  185.451437   89.678169   16.599   15.696
  186.942249   89.670074   16.435   15.391
  185.481712   89.692039   16.672   15.414
  188.277016   89.724541   15.203   14.263
  189.779047   89.700081   13.705   13.276
  189.846226   89.739754   16.537   15.454
  185.461060   89.790260   14.337   13.491
  186.332995   89.777351   15.093   14.631
  187.004495   89.761604   15.048   14.552
  188.865731   89.757339   16.343   15.279
  189.552894   89.793304   15.855   14.914
  186.262058   89.818665   16.656   15.584
  188.688209   89.850220   13.872   13.022
  190.220068   89.676834   15.934   14.826
  190.107469   89.729683   15.988   15.043
  190.319798   89.693298   18.600   13.554
  190.830018   89.706299   16.654   15.790
  192.810763   89.695534   16.554   15.528
  190.168540   89.804718   16.845   15.419
  190.908398   89.807365   16.270   15.420
  192.799551   89.785538   16.584   15.794
  191.686032   89.842392   16.690   17.045
  193.900885   89.915878   16.234   16.239
  191.639720   89.974533   13.776   13.080
  192.870184   89.945923   16.717   16.038
  198.413159   89.682259   16.798   15.157
  199.993857   89.672356   14.695   14.114
  195.214497   89.738297   16.244   15.370
  195.193764   89.749146   16.417   15.853
  196.713956   89.709145   13.831   13.345
  197.019137   89.725037   13.927   13.431
  199.650680   89.714066   16.553   15.752
  195.722493   89.750450   16.432   15.598
  195.888888   89.805115   16.768   15.273
  196.415121   89.787056   15.742   15.388
  197.682443   89.792366   14.481   13.931
  197.916104   89.788841   16.239   16.309
  195.219932   89.832947   17.254   15.797
  197.090053   89.817184   16.459   14.928
  195.683857   89.905670   16.209   15.027
  198.379981   89.881554   16.660   15.521
  197.450988   89.977242   16.366   15.202
  201.755679   89.689484   16.069   15.358
  203.179507   89.723282   16.040   15.271
  203.631445   89.706352   16.723   15.294
  203.805594   89.700272   15.709   15.599
  204.347408   89.708664   15.709   15.244
  204.642491   89.724419   13.893   13.253
  204.865939   89.689240   15.333   14.701
  202.142835   89.786041   17.435   15.638
  203.150059   89.795151   16.619   15.309
  201.933537   89.836235   14.198   13.770
  202.486394   89.864540   15.137   14.192
  202.990713   89.846001   14.253   13.684
  204.979235   89.838158   15.489   14.783
  204.255547   89.933258   17.258   15.529
  204.817033   89.929024   14.304   13.838
  207.635999   89.675301   14.595   13.938
  208.384058   89.679131   16.874   15.006
  205.940142   89.742996   15.055   14.443
  207.467912   89.737610   17.654   15.194
  207.693089   89.707726   15.632   14.829
  205.216686   89.763512   14.423   13.536
  205.668548   89.782761   14.509   13.730
  206.103475   89.771553   16.590   17.052
  207.796829   89.762749   16.453   15.228
  208.160445   89.796326   13.620   13.273
  208.725448   89.810127   15.442   14.815
  209.014351   89.763718   16.376   15.516
  209.528480   89.778725   17.033   15.029
  205.131791   89.840797   16.237   15.484
  205.481165   89.846588   16.086   15.417
  207.541381   89.856552   14.355   13.962
  208.601844   89.821579   16.517   15.825
  209.111752   89.939896   16.592   16.787
  209.416446   89.959389   18.746   16.481
  210.211505   89.671326   15.855   15.128
  210.402717   89.669853   18.427   14.980
  213.952246   89.684662   16.078   15.585
  211.095355   89.717941   15.636   15.284
  211.224409   89.735977   16.047   15.917
  212.283896   89.721581   14.227   13.512
  212.646706   89.693619   15.572   15.165
  213.073478   89.691231   14.981   14.130
  213.815848   89.692459   16.028   14.916
  213.973763   89.704880   14.009   13.130
  214.542309   89.741951   15.166   14.212
  210.551564   89.793930   16.523   15.335
  214.559267   89.789703   15.933   15.173
  214.885989   89.793343   13.578   13.125
  214.956971   89.787788   15.214   14.661
  213.538601   89.869568   16.512   16.725
  213.885611   89.872292   14.765   13.974
  211.894261   89.888718   13.750   13.144
  214.750874   89.892860   15.093   14.368
  217.153387   89.677635   16.006   14.930
  218.253369   89.687469   15.958   15.089
  218.265917   89.742607   16.591   16.712
  215.611141   89.775963   14.795   14.028
  217.035994   89.785400   14.211   13.968
  219.058477   89.801292   14.444   13.714
  219.359822   89.765007   16.034   15.673
  219.385681   89.786171   16.846   15.704
  216.397288   89.832260   16.497   16.544
  216.620991   89.890518   17.135   15.958
  217.363718   89.895638   14.042   13.159
  218.774254   89.875923   15.952   14.951
  222.024859   89.706749   15.438   14.528
  223.663272   89.701797   13.800   13.471
  223.885325   89.723259   14.842   14.578
  224.138083   89.709373   14.731   14.461
  224.365932   89.694618   16.588   16.156
  220.785286   89.809586   13.638   13.094
  220.814352   89.768417   16.490   15.140
  221.534051   89.768730   15.832   14.765
  222.286440   89.751884   15.589   15.402
  224.245621   89.786621   14.877   13.928
  220.153091   89.869171   16.379   15.042
  220.919011   89.867836   16.236   15.597
  221.847241   89.817329   14.706   14.612
  223.166206   89.849518   15.455   14.905
  224.112681   89.839317   16.614   15.113
  224.451588   89.826759   16.170   15.742
  224.913386   89.839050   14.747   14.277
  221.574015   89.928482   18.513   16.964
  223.091221   89.923645   14.244   14.024
  224.742277   89.897209   18.353   16.947
  224.991338   89.875122   18.209   16.604
  226.934812   89.671333   15.347   14.528
  228.631380   89.712585   16.297   15.133
  228.993803   89.734467   14.346   13.603
  229.573208   89.689972   14.562   13.805
  225.252924   89.799477   14.821   14.458
  225.412644   89.807259   15.271   14.326
  225.462798   89.790359   16.021   15.296
  227.185666   89.796204   15.907   15.121
  227.677146   89.775299   18.540   16.889
  228.816382   89.787178   15.181   14.765
  229.261138   89.779251   15.513   14.619
  229.401824   89.799751   15.157   14.279
  225.623911   89.838371   14.389   13.853
  229.085755   89.838440   15.397   14.962
  229.334977   89.835365   13.490   13.155
  225.026995   89.881668   17.396   16.179
  226.026547   89.927650   15.605   14.794
  229.273947   89.896309   15.926   14.811
  231.940675   89.685379   13.809   13.352
  231.501942   89.733650   15.869   15.222
  231.635086   89.701004   13.678   13.110
  231.638489   89.713181   16.505   16.060
  232.225648   89.709549   13.849   13.096
  233.041691   89.706314   16.580   16.184
  233.673865   89.735138   15.484   14.810
  234.307640   89.731453   15.707   14.952
  231.091739   89.792458   16.625   15.794
  231.672314   89.771782   14.870   14.492
  232.405457   89.760979   16.485   15.270
  233.240957   89.785027   17.791   14.970
  233.959594   89.794098   16.248   15.477
  230.465153   89.834808   14.097   13.775
  231.425274   89.863495   18.196   16.782
  234.297308   89.846443   13.907   13.369
  230.255702   89.911865   16.499   16.096
  232.055842   89.922775   15.373   14.480
  233.420053   89.881432   18.400   17.013
  231.083553   89.961754   13.758   13.236
  236.555665   89.673065   13.894   13.370
  238.227124   89.670807   15.248   14.361
  239.693139   89.669044   14.287   13.606
  236.301396   89.688393   15.688   14.896
  236.572263   89.688545   16.240   14.260
  236.802518   89.699387   16.345   14.978
  237.586393   89.691719   15.661   15.147
  237.614057   89.703835   13.837   13.294
  238.557180   89.740341   16.412   15.520
  239.498541   89.725296   14.100   13.177
  236.302734   89.787750   15.867   15.169
  238.222236   89.760117   16.231   14.793
  238.795991   89.777969   14.585   14.177
  238.878514   89.760651   15.846   15.106
  238.950055   89.771347   16.151   15.660
  239.563003   89.758194   15.613   14.701
  235.017455   89.869751   16.920   15.498
  237.114885   89.830025   16.626   16.867
  238.170526   89.813530   18.560   14.919
  238.267130   89.834534   16.982   15.653
  238.533599   89.831375   16.391   15.372
  238.746733   89.819099   16.667   17.070
  238.703375   89.870140   16.205   15.052
  239.527100   89.834953   18.438   14.860
  235.803580   89.922974   14.962   14.621
  236.019342   89.924347   13.634   13.338
  241.533419   89.674446   15.573   14.590
  243.091539   89.668678   15.923   15.258
  240.251960   89.722481   16.491   15.122
  242.483085   89.713287   15.049   14.396
  242.658033   89.729805   16.664   14.813
  242.863401   89.693665   16.433   15.147
  243.099522   89.720131   15.443   14.755
  243.116819   89.727203   16.561   16.965
  240.560551   89.756905   14.984   14.362
  243.034896   89.803154   18.153   16.772
  240.171941   89.855324   16.535   16.047
  242.620843   89.829994   16.204   15.587
  243.914631   89.844131   15.930   14.883
  240.874353   89.893097   15.691   14.945
  241.525866   89.916901   16.735   17.023
  242.179304   89.879494   15.073   14.977
  243.817574   89.897438   16.866   15.981
  243.927604   89.926620   16.569   17.052
  241.847897   89.990128   16.676   15.526
  246.350136   89.703484   17.799   17.113
  246.446443   89.704170   17.751   17.130
  246.488541   89.730560   15.676   14.569
  247.276355   89.716919   16.558   15.111
  247.407336   89.737000   14.919   14.599
  247.734973   89.737915   14.287   13.702
  248.419793   89.743851   15.993   15.249
  248.484586   89.695602   14.526   13.999
  248.837963   89.722244   16.614   15.705
  249.217206   89.718697   13.963   13.043
  245.365883   89.785065   16.455   15.466
  245.798637   89.781113   13.929   13.207
  246.188980   89.790855   16.665   15.632
  248.197151   89.806450   15.044   14.333
  248.470770   89.751068   16.212   15.771
  248.780831   89.756432   16.543   14.344
  245.911487   89.829330   18.573   14.942
  246.990569   89.948357   18.051   15.066
  248.063352   89.941010   14.211   13.500
  248.905420   89.964653   18.494   14.852
  252.688395   89.672112   17.175   16.549
  250.843995   89.716660   16.409   16.893
  251.187916   89.699280   17.709   15.135
  253.483693   89.692383   16.697   16.820
  250.091544   89.792610   16.359   15.518
  250.180184   89.772316   16.590   16.829
  250.334028   89.801529   16.483   16.098
  250.487714   89.809464   16.604   15.418
  251.069598   89.796478   15.883   14.948
  251.232841   89.781075   16.518   15.505
  251.311610   89.777252   16.537   15.534
  251.354244   89.796478   16.350   14.743
  253.075901   89.804489   16.782   15.620
  250.341885   89.845551   15.859   14.909
  251.900985   89.815475   16.621   16.592
  251.933775   89.841774   14.227   13.833
  253.531523   89.870285   16.888   15.542
  253.798304   89.869682   16.947   15.480
  255.361515   89.711342   15.011   14.607
  255.707661   89.737518   14.603   13.797
  256.205630   89.746658   13.982   13.327
  257.288113   89.742180   16.870   15.629
  257.609579   89.719742   16.513   16.090
  258.793930   89.747238   15.224   14.765
  255.953520   89.802574   15.027   14.722
  256.597296   89.764496   15.090   14.595
  255.810773   89.817001   17.093   15.527
  255.773022   89.857735   17.185   15.532
  256.651483   89.820282   16.094   14.944
  257.861646   89.830360   15.289   14.997
  258.513888   89.821915   15.773   14.536
  255.042735   89.908943   16.509   16.221
  259.140322   89.887047   16.701   16.965
  259.386083   89.896896   16.457   15.622
  260.794075   89.670570   15.710   14.737
  262.749351   89.668846   16.281   15.531
  263.355448   89.670937   16.429   15.037
  260.960387   89.722237   15.355   14.678
  262.118553   89.703430   15.559   14.580
  262.804227   89.746864   14.833   14.196
  264.192822   89.745987   15.516   15.061
  264.891409   89.736511   15.149   14.208
  263.214167   89.781509   16.460   15.558
  263.941361   89.768318   13.585   13.199
  264.148247   89.809624   15.439   14.676
  263.038135   89.854301   16.237   16.005
  262.980769   89.884483   15.352   14.528
  263.043645   89.901451   14.746   14.252
  263.588721   89.926331   16.309   15.420
  260.073455   89.968155   16.277   15.161
  262.774137   89.947876   16.438   15.791
  266.355118   89.680679   16.241   16.925
  266.735346   89.668861   16.654   16.566
  265.761014   89.733147   15.798   15.032
  267.788013   89.736259   16.500   16.268
  268.673774   89.719704   16.548   16.228
  269.048789   89.725113   14.433   13.811
  266.827290   89.760406   16.500   16.958
  268.430961   89.807037   16.497   16.716
  269.543719   89.765732   14.101   13.677
  266.147882   89.823883   15.330   14.609
  267.259796   89.868698   16.475   15.252
  268.413454   89.846298   16.537   15.555
  268.806194   89.843330   13.828   13.188
  266.707590   89.916878   15.010   14.181
  269.805365   89.894150   15.369   14.617
  267.801185   89.944557   17.484   14.876
  268.229965   89.956345   18.510   15.182
  270.858499   89.712326   14.930   14.371
  272.316618   89.724251   16.394   14.341
  272.581669   89.724670   15.438   14.511
  272.979161   89.735695   16.508   16.806
  270.202000   89.799263   14.681   14.158
  270.880851   89.763023   16.405   15.490
  271.474501   89.771858   15.438   15.029
  272.358307   89.781334   15.223   14.752
  272.869144   89.756615   15.049   14.448
  272.880325   89.761375   13.894   13.517
  274.378454   89.775810   14.567   13.860
  270.186745   89.858727   15.600   14.578
  270.538623   89.857285   15.538   14.676
  270.718335   89.867950   17.235   15.215
  270.796084   89.851173   16.644   15.123
  272.864138   89.854851   16.633   16.917
  272.989393   89.844879   16.435   14.967
  273.951710   89.870781   15.785   15.370
  274.819923   89.821342   15.886   14.702
  270.430663   89.919395   16.393   16.093
  270.692802   89.928017   17.052   15.127
  271.400371   89.926949   15.971   15.039
  272.277761   89.882690   15.925   14.966
  273.503448   89.921944   16.519   15.450
  275.237866   89.678444   16.704   15.492
  275.578738   89.670151   15.558   14.915
  275.996505   89.672363   15.224   14.786
  276.882175   89.668335   15.141   14.340
  279.080751   89.675575   15.830   14.802
  276.427681   89.737663   15.280   14.581
  277.004379   89.741508   16.306   15.322
  278.748617   89.732056   14.261   13.925
  279.441451   89.717659   16.095   15.042
  276.007183   89.751129   15.245   14.362
  276.396789   89.750206   14.771   14.090
  276.869174   89.800873   16.513   16.815
  275.240829   89.850243   14.969   14.069
  276.720552   89.864273   15.913   14.804
  277.161874   89.849770   16.296   15.193
  275.343453   89.879631   13.772   13.021
  276.908924   89.893372   15.175   14.707
  278.539992   89.901840   16.147   15.229
  278.335009   89.953262   15.230   14.734
  280.736746   89.689545   16.199   15.190
  282.918204   89.720413   16.480   15.264
  283.382964   89.709381   15.545   15.045
  283.423143   89.733978   16.246   15.246
  283.805089   89.727600   16.403   15.642
  283.771879   89.703163   16.537   15.574
  284.463941   89.700081   16.290   16.780
  284.804616   89.748543   14.395   13.892
  280.449821   89.769012   16.143   15.480
  280.807169   89.769661   16.188   15.097
  280.902370   89.809502   16.932   15.260
  280.937542   89.767906   16.427   14.955
  281.309084   89.754234   15.987   15.283
  284.166102   89.805420   15.624   15.238
  284.441915   89.860603   16.474   16.783
  281.911409   89.886086   16.510   16.830
  283.028600   89.908539   18.080   14.846
  280.320129   89.947418   16.587   15.861
  281.401854   89.956329   17.279   14.936
  285.215510   89.679428   15.929   14.868
  286.139501   89.731827   14.514   14.205
  286.885200   89.729820   14.393   13.564
  285.258001   89.770042   16.464   15.074
  285.901272   89.755058   16.014   15.611
  285.910784   89.842590   15.272   14.932
  286.721913   89.886292   15.811   14.787
  288.692026   89.907227   16.596   15.950
  287.616084   89.945526   15.782   14.873
  290.411843   89.690071   13.764   13.192
  290.578949   89.709930   16.439   15.401
  291.431661   89.738358   15.119   14.481
  291.927007   89.693092   15.990   15.277
  292.638218   89.726570   16.274   16.391
  293.433091   89.716301   16.733   15.556
  293.532903   89.729347   16.247   15.158
  294.677147   89.695038   16.414   15.004
  290.324180   89.782974   16.283   15.000
  293.714549   89.785660   15.469   14.672
  293.950623   89.799942   16.402   15.447
  294.166056   89.866463   16.601   15.507
  291.834667   89.902168   15.262   14.414
  293.654841   89.900711   17.218   15.405
  294.366221   89.885002   16.476   15.858
  296.079802   89.682449   17.710   14.946
  299.786018   89.674553   16.227   15.297
  295.658842   89.705299   17.345   14.954
  295.765241   89.694351   17.064   15.513
  296.259198   89.703278   14.661   13.720
  297.589037   89.701881   16.013   15.126
  299.727718   89.745415   13.714   13.314
  295.484534   89.780792   16.329   15.945
  297.547521   89.757149   16.229   15.513
  298.956956   89.751923   14.151   13.786
  297.472119   89.815613   14.177   13.822
  296.555391   89.915070   18.452   15.157
  298.969902   89.879730   16.898   15.808
  301.207516   89.725464   14.754   14.389
  302.386310   89.691658   16.340   14.874
  302.593273   89.711784   16.083   15.369
  300.030727   89.805550   14.231   13.441
  302.872883   89.776039   17.736   15.929
  300.058226   89.867188   15.871   15.088
  301.746315   89.828232   16.316   15.120
  301.887355   89.830086   17.402   14.779
  301.971456   89.829536   15.891   15.109
  302.179924   89.870491   16.427   14.987
  302.826970   89.843063   16.566   15.566
  303.203979   89.816376   16.498   15.067
  304.155823   89.836456   14.385   13.820
  301.398347   89.898468   14.965   14.091
  304.956115   89.967041   16.568   16.421
  308.224891   89.677582   16.285   15.118
  309.963659   89.671242   15.745   14.540
  306.082601   89.720253   15.065   14.235
  308.098257   89.710419   14.994   14.610
  308.644469   89.713081   15.742   14.835
  308.714097   89.740334   14.214   13.533
  308.938078   89.696632   15.661   15.196
  305.912965   89.779358   16.565   15.152
  305.892462   89.803123   14.415   14.173
  306.286502   89.751778   16.412   15.665
  306.994349   89.766487   14.346   13.915
  306.071922   89.839050   16.358   15.174
  307.442126   89.839523   16.592   15.568
  308.463685   89.843948   18.554   15.038
  306.238762   89.890213   14.993   14.052
  312.745706   89.686600   15.882   14.844
  311.297521   89.708557   16.178   16.789
  311.951462   89.745331   16.311   15.917
  314.427017   89.721138   16.547   17.090
  314.508429   89.704987   14.233   13.608
  311.136334   89.775169   16.408   16.733
  312.206319   89.755219   16.289   16.387
  310.228836   89.858856   16.763   17.199
  311.868330   89.824326   16.038   14.970
  313.872391   89.852448   14.414   13.715
  310.306916   89.926521   14.951   14.069
  311.581203   89.922340   18.519   15.231
  313.545202   89.923668   17.456   16.067
  317.920249   89.684502   14.902   13.793
  319.664980   89.673279   16.206   15.276
  315.598647   89.712601   16.035   15.031
  317.095437   89.719070   16.358   15.182
  317.268326   89.707191   14.707   14.248
  317.604556   89.704819   15.506   15.300
  317.912651   89.732155   16.122   15.438
  317.979731   89.706360   15.324   14.813
  318.853483   89.713051   17.024   15.360
  319.485783   89.728310   16.376   14.922
  319.460683   89.697945   13.412   13.007
  316.278822   89.804855   18.468   14.872
  316.832075   89.779541   16.493   15.612
  317.137295   89.807533   18.476   17.085
  318.071997   89.765266   15.802   15.270
  318.192877   89.801666   16.708   16.113
  318.804840   89.758865   16.360   15.020
  318.778827   89.755676   15.319   14.644
  318.051648   89.842110   15.624   14.845
  319.129316   89.817276   14.560   13.715
  316.930526   89.883614   16.698   17.005
  317.393187   89.927078   14.797   14.417
  317.720725   89.888229   15.423   14.680
  316.795845   89.982071   16.445   15.248
  317.449542   89.939911   16.744   16.009
  324.249392   89.687218   15.258   14.154
  320.835818   89.693863   16.417   15.592
  321.067285   89.695976   15.987   14.678
  321.071292   89.740517   15.635   14.389
  323.308596   89.727051   16.348   15.707
  323.798616   89.731255   17.044   15.826
  324.296827   89.718063   14.547   14.100
  324.949523   89.689522   15.708   14.988
  322.171601   89.780838   16.825   14.920
  322.604761   89.805275   16.352   14.709
  322.653729   89.811172   15.516   15.159
  322.660465   89.801567   16.730   16.472
  322.739243   89.837112   16.003   14.917
  323.390090   89.875763   16.707   17.005
  321.653808   89.967438   18.516   17.028
  325.584587   89.682632   16.307   15.492
  326.836806   89.669739   14.240   13.748
  326.089710   89.736626   14.978   13.884
  326.296063   89.738762   14.895   14.384
  329.248692   89.742393   16.285   15.003
  329.484250   89.712692   16.576   15.308
  329.818043   89.733749   16.397   16.117
  325.178767   89.799561   14.229   13.902
  325.457953   89.762222   13.575   13.052
  325.773709   89.751518   14.291   13.437
  327.851601   89.753418   15.101   14.072
  328.694493   89.797409   16.676   16.084
  325.078296   89.862534   16.347   15.748
  328.112950   89.867935   16.778   17.102
  328.078848   89.865112   16.732   17.099
  328.835436   89.860992   17.512   15.129
  329.084956   89.848000   16.543   15.252
  329.147343   89.818802   14.453   13.786
  329.364684   89.861450   16.642   15.446
  325.510276   89.913712   16.176   15.184
  327.360106   89.919762   17.517   15.208
  334.058258   89.667534   14.752   14.139
  330.318511   89.719444   14.931   14.044
  330.348083   89.698303   16.289   15.370
  331.669159   89.707687   15.581   14.493
  332.089903   89.689873   16.777   15.404
  332.258751   89.731804   18.496   15.229
  332.446676   89.714317   16.657   15.385
  332.964780   89.705994   17.003   16.024
  330.363662   89.785591   16.988   15.149
  332.567067   89.806427   16.697   15.467
  333.214966   89.792351   15.997   15.199
  330.455686   89.814293   16.558   15.453
  330.800883   89.922081   16.247   15.463
  333.834198   89.930099   18.333   15.903
  334.529643   89.899750   17.437   15.247
  334.881209   89.882408   16.633   17.033
  335.924402   89.695221   16.351   14.789
  337.155394   89.693382   16.637   15.530
  337.530768   89.723778   16.262   15.543
  337.827384   89.746315   15.404   14.597
  339.391267   89.737099   16.611   15.668
  339.739644   89.734749   16.568   17.160
  336.754660   89.795731   16.154   15.689
  336.760490   89.808563   16.038   15.416
  339.062089   89.758102   15.733   14.997
  336.281432   89.834221   16.428   15.646
  338.502374   89.827522   17.540   17.013
  339.356665   89.842239   15.885   14.760
  339.858094   89.873276   18.502   17.020
  336.198958   89.925079   16.927   15.670
  339.384762   89.906250   17.405   15.209
  339.658003   89.916878   15.326   14.465
  335.202962   89.964073   17.565   15.011
  339.439845   89.940964   18.288   16.382
  340.689896   89.697441   16.274   15.167
  341.399591   89.710854   15.380   14.747
  341.836160   89.700035   13.739   13.050
  343.409752   89.715942   16.273   15.533
  344.120273   89.748192   15.515   14.880
  344.887370   89.707825   16.043   15.276
  344.954380   89.732300   16.621   15.610
  341.148823   89.791260   16.710   15.918
  342.039275   89.765053   15.528   14.732
  342.906580   89.762421   13.903   13.384
  343.447643   89.812347   16.866   15.453
  344.263846   89.795784   16.706   15.170
  341.406060   89.823807   16.850   15.790
  343.997432   89.853546   14.714   13.964
  344.126118   89.868370   16.447   15.306
  344.594434   89.821938   14.546   14.110
  344.825277   89.841339   16.711   17.139
  340.429673   89.916405   15.731   14.843
  342.849988   89.876205   16.349   15.269
  344.592826   89.886414   14.704   14.196
  342.747968   89.973076   15.306   14.335
  347.537333   89.678635   15.264   14.500
  345.042024   89.723846   16.736   15.898
  345.519354   89.709389   16.006   15.758
  345.632334   89.732262   16.280   15.549
  345.724604   89.713936   16.291   15.265
  347.045682   89.739365   15.187   14.657
  347.606239   89.691345   16.030   15.228
  348.321137   89.699066   14.825   14.433
  348.532010   89.704826   16.699   15.868
  349.200911   89.699860   15.635   14.670
  349.214008   89.749367   14.813   14.092
  349.604753   89.695419   16.056   15.078
  349.862506   89.692978   16.651   15.491
  346.281753   89.762764   16.020   15.599
  346.665119   89.788681   15.021   14.557
  347.383924   89.794632   13.997   13.116
  348.321495   89.785606   17.279   15.241
  349.914599   89.755508   15.663   15.055
  345.468859   89.815392   14.561   14.148
  346.644192   89.821472   16.458   15.523
  346.872428   89.818352   14.820   13.603
  345.578885   89.922424   14.848   14.230
  349.146639   89.876450   16.781   15.332
  347.795005   89.939224   16.734   17.101
  347.869091   89.977455   18.393   17.091
  354.044701   89.679817   13.489   13.008
  354.407853   89.670578   15.171   14.239
  354.666131   89.682487   14.446   13.821
  351.609054   89.714973   14.183   13.331
  353.111939   89.716904   16.980   15.173
  353.576126   89.741692   13.582   13.044
  353.630056   89.737656   15.004   14.044
  351.590949   89.803513   16.520   15.413
  352.412901   89.791084   14.133   13.471
  351.576239   89.825157   15.888   14.649
  351.411467   89.898430   16.516   15.304
  356.598013   89.686584   15.912   15.189
  357.804120   89.686531   18.453   14.536
  358.513520   89.686111   15.709   15.308
  358.620238   89.675049   15.233   14.207
  359.513751   89.687424   15.868   14.904
  359.843856   89.674370   15.542   14.900
  355.303478   89.710876   16.412   15.450
  355.345800   89.745766   16.303   14.997
  356.849119   89.694664   18.639   16.209
  357.160208   89.749786   18.566   15.186
  357.223526   89.717522   18.653   16.861
  357.984884   89.730370   16.696   15.406
  359.443932   89.711441   15.469   14.864
  355.054306   89.763374   16.021   15.132
  355.223324   89.788788   16.702   14.942
  359.007410   89.809326   16.104   14.833
  355.923396   89.820267   17.312   15.125
  356.880549   89.855354   16.521   15.820
  357.690647   89.861046   17.127   15.085
  358.450185   89.833847   18.455   15.172
