#         RA            DEC        r_k20fe      j_m_k20fe      k_m_k20fe           k_ba           k_pa                                                                                                         
   1.581590E+00   2.020294E+01   1.510000E+01   1.204800E+01   1.006300E+01   1.000000E+00  -3.000000E+01
   2.777550E+00  -1.210787E+01   1.720000E+01   1.132300E+01   1.011600E+01   9.600000E-01   2.750000E+01
   3.627580E+00  -7.167400E+00   3.380000E+01   1.103200E+01   9.988000E+00   5.500000E-01   8.550000E+01
   3.685830E+00  -7.345280E+00   5.260000E+01   9.752000E+00   8.771000E+00   7.000000E-01  -1.750000E+01
   6.692960E+00  -3.367724E+01   2.440000E+01   1.246000E+01   1.174000E+01   7.750000E-01  -4.300000E+01
   9.421280E+00  -3.371633E+01   1.130000E+01   1.368400E+01   1.277200E+01   1.000000E+00  -5.950000E+01
   1.069110E+01  -2.356160E+01   2.180000E+01   1.113000E+01   9.966000E+00   8.000000E-01   1.000000E+01
   1.339565E+01   1.269313E+01   1.260000E+01   1.218200E+01   1.019600E+01   1.000000E+00  -3.000000E+01
   1.417781E+01  -9.914070E+00   4.560000E+01   1.054500E+01   9.634000E+00   9.900000E-01  -3.000000E+01
   1.571465E+01  -6.561015E+01   9.760000E+01   1.023300E+01   9.152000E+00   1.600000E-01  -3.600000E+01
   2.114082E+01   1.731180E+00   5.700000E+01   9.797000E+00   8.783000E+00   8.100000E-01  -2.250000E+01
   2.119116E+01   9.994520E+00   6.890000E+01   1.045000E+01   9.389000E+00   1.400000E-01   3.300000E+01
   2.138085E+01   1.759030E+00   5.960000E+01   9.673000E+00   8.703000E+00   7.700000E-01   4.750000E+01
   2.342051E+01   4.492869E+01   4.130000E+01   1.047400E+01   9.462000E+00   6.000000E-01  -2.750000E+01
   2.735358E+01   2.199730E+01   5.080000E+01   9.821000E+00   8.759000E+00   3.800000E-01   8.050000E+01
   2.762853E+01   6.145210E+00   4.060000E+01   1.042800E+01   9.339000E+00   3.600000E-01  -7.650000E+01
   2.782320E+01   2.235797E+01   7.170000E+01   9.668000E+00   8.596000E+00   3.300000E-01  -7.750000E+01
   3.171457E+01   4.457291E+01   5.180000E+01   1.085400E+01   9.776000E+00   2.800000E-01  -2.250000E+01
   3.351505E+01   2.787717E+01   4.160000E+01   1.103700E+01   1.016100E+01   5.000000E-01   6.700000E+01
   3.616923E+01  -1.914203E+01   2.170000E+01   1.153500E+01   1.051100E+01   8.200000E-01   0.000000E+00
   3.865784E+01  -8.788060E+00   1.550000E+01   1.199200E+01   1.060800E+01   7.000000E-01   7.750000E+01
   4.291861E+01  -1.665077E+01   4.090000E+01   1.084000E+01   9.853000E+00   3.400000E-01   5.000000E+01
   4.379618E+01   5.190716E+01   4.550000E+01   1.078200E+01   9.656000E+00   3.400000E-01   1.000000E+01
   4.380111E+01  -1.838400E-01   5.090000E+01   1.028300E+01   9.197000E+00   4.400000E-01  -6.000000E+01
   4.421523E+01   5.891156E+01   7.750000E+01   1.097700E+01   9.453000E+00   4.000000E-01  -6.300000E+01
   4.530903E+01   4.489721E+01   6.330000E+01   8.585000E+00   7.547000E+00   7.500000E-01   2.050000E+01
   4.637880E+01   4.283542E+01   7.600000E+01   9.595000E+00   8.573000E+00   4.000000E-01  -6.050000E+01
   4.805966E+01  -1.048112E+01   7.900000E+01   9.989000E+00   8.900000E+00   1.800000E-01   7.000000E+01
   4.900312E+01  -2.427370E+00   3.280000E+01   1.066200E+01   9.684000E+00   8.500000E-01  -7.200000E+01
   5.211551E+01   4.015454E+01   2.240000E+01   1.167300E+01   1.054200E+01   3.900000E-01   7.750000E+01
   5.416282E+01  -2.090226E+01   3.500000E+01   1.082600E+01   9.892000E+00   5.600000E-01  -8.650000E+01
   5.529394E+01  -1.302810E+00   3.050000E+01   1.097400E+01   9.853000E+00   7.200000E-01  -5.000000E+01
   6.070106E+01   1.965730E+00   7.470000E+01   1.025800E+01   8.990000E+00   2.400000E-01   3.000000E+01
   6.309446E+01   5.546980E+00   2.990000E+01   1.126900E+01   9.905000E+00   4.600000E-01  -7.400000E+01
   6.909293E+01  -1.037630E+01   1.810000E+01   1.199900E+01   1.046700E+01   5.800000E-01  -2.500000E+00
   7.162399E+01   1.846091E+01   3.620000E+01   1.054400E+01   9.379000E+00   6.600000E-01  -3.000000E+01
   7.448602E+01  -1.257800E-01   6.650000E+01   1.027500E+01   9.104000E+00   1.800000E-01   5.700000E+01
   8.551990E+01   6.937838E+01   7.860000E+01   9.030000E+00   7.951000E+00   6.700000E-01   9.250000E+01
   9.411669E+01  -2.137585E+01   6.490000E+01   9.865000E+00   8.821000E+00   6.000000E-01  -5.750000E+01
   9.838961E+01   2.103710E+01   3.730000E+01   1.177600E+01   1.033100E+01   2.200000E-01  -5.700000E+01
   1.014700E+02  -1.821080E+01   5.420000E+01   1.009100E+01   9.167000E+00   7.000000E-01   2.950000E+01
   1.019288E+02  -2.675436E+01   9.580000E+01   8.706000E+00   7.702000E+00   6.900000E-01  -4.500000E+01
   1.109781E+02  -2.752906E+01   7.150000E+01   8.636000E+00   7.601000E+00   9.200000E-01  -3.000000E+01
   1.112565E+02  -3.249903E+01   5.590000E+01   1.131300E+01   1.022400E+01   2.000000E-01   7.800000E+01
   1.125339E+02  -2.201836E+01   7.130000E+01   1.133500E+01   9.826000E+00   4.000000E-01   2.250000E+01
   1.168919E+02  -4.145214E+01   9.570000E+01   8.993000E+00   7.941000E+00   2.400000E-01   1.650000E+01
   1.169669E+02  -1.874900E+01   8.100000E+01   1.009100E+01   8.900000E+00   2.200000E-01  -3.900000E+01
   1.215462E+02  -2.752841E+01   1.017000E+02   9.308000E+00   8.259000E+00   5.700000E-01  -3.000000E+01
   1.234885E+02   5.264795E+01   6.950000E+01   1.107000E+01   9.773000E+00   1.800000E-01  -7.000000E+01
   1.237486E+02  -3.086699E+01   9.640000E+01   8.198000E+00   7.231000E+00   7.500000E-01  -1.250000E+01
   1.244103E+02  -2.973071E+01   3.760000E+01   1.086800E+01   9.824000E+00   1.000000E+00   1.750000E+01
   1.253227E+02  -2.577506E+01   3.230000E+01   1.289400E+01   1.164900E+01   4.380000E-01   4.650000E+01
   1.293526E+02  -5.512374E+01   1.082000E+02   7.918000E+00   6.886000E+00   6.600000E-01  -8.350000E+01
   1.309087E+02   5.020554E+01   5.150000E+01   9.504000E+00   8.499000E+00   5.100000E-01  -4.750000E+01
   1.336354E+02  -3.293748E+01   6.590000E+01   9.761000E+00   8.712000E+00   4.400000E-01   6.450000E+01
   1.343692E+02  -3.926845E+01   8.050000E+01   8.543000E+00   7.368000E+00   8.800000E-01   1.500000E+01
   1.407544E+02  -3.244976E+01   1.310000E+02   8.461000E+00   7.415000E+00   3.000000E-01   3.350000E+01
   1.434422E+02   1.015239E+01   4.810000E+01   9.895000E+00   8.921000E+00   8.200000E-01  -5.000000E+01
   1.439654E+02   6.135292E+01   1.350000E+01   1.246800E+01   1.078200E+01   6.200000E-01   8.500000E+01
   1.447228E+02  -4.848700E+00   3.020000E+01   1.072900E+01   9.746000E+00   6.900000E-01  -7.500000E+00
   1.447234E+02  -4.860160E+00   3.550000E+01   1.149800E+01   1.033900E+01   2.200000E-01  -6.000000E+01
   1.447290E+02  -4.865920E+00   1.980000E+01   1.171400E+01   1.072400E+01   8.400000E-01   3.000000E+01
   1.447304E+02  -4.857910E+00   2.220000E+01   1.322500E+01   1.218200E+01   3.500000E-01   5.750000E+01
   1.447323E+02  -4.837070E+00   2.040000E+01   1.195200E+01   1.093200E+01   4.200000E-01   6.750000E+01
   1.473253E+02   1.687912E+01   5.000000E+00   1.498900E+01   1.416800E+01   1.000000E+00   2.500000E+01
   1.480799E+02  -1.612250E+00   1.010000E+01   1.187200E+01   9.603000E+00   1.000000E+00  -1.500000E+01
   1.487069E+02   9.271640E+00   4.420000E+01   1.134500E+01   1.040300E+01   4.400000E-01   3.500000E+01
   1.556437E+02   1.988705E+01   2.740000E+01   1.073300E+01   9.762000E+00   5.900000E-01   6.000000E+01
   1.577782E+02   2.879640E+01   1.910000E+01   1.148300E+01   1.052700E+01   7.000000E-01   7.500000E+01
   1.587843E+02  -4.369184E+01   5.770000E+01   9.439000E+00   8.614000E+00   7.000000E-01   1.700000E+01
   1.591485E+02  -2.751843E+01   4.390000E+01   9.581000E+00   8.629000E+00   9.400000E-01   2.250000E+01
   1.598829E+02   5.107450E+00   1.750000E+01   1.186300E+01   1.079300E+01   8.830000E-01  -2.250000E+01
   1.690195E+02  -7.621632E+01   1.054000E+02   8.935000E+00   7.675000E+00   3.500000E-01   7.800000E+01
   1.791840E+02   3.202161E+01   6.150000E+01   1.016000E+01   9.077000E+00   2.400000E-01  -7.250000E+01
   1.811808E+02   3.117722E+01   2.190000E+01   1.141300E+01   1.033300E+01   9.000000E-01   1.750000E+01
   1.852596E+02   3.721960E+00   4.210000E+01   1.128900E+01   1.007000E+01   2.400000E-01   1.000000E+00
   1.856307E+02   1.553792E+01   7.690000E+01   9.927000E+00   8.986000E+00   2.600000E-01  -7.500000E+00
   1.858219E+02   1.136798E+01   9.200000E+01   1.080900E+01   9.758000E+00   1.600000E-01   5.900000E+01
   1.877381E+02   1.148355E+01   4.130000E+01   1.093200E+01   1.006700E+01   4.700000E-01  -3.950000E+01
   1.906555E+02   1.435713E+01   3.080000E+01   1.218800E+01   1.137900E+01   6.100000E-01   4.750000E+01
   1.940597E+02   5.687345E+01   1.820000E+01   1.108000E+01   8.860000E+00   8.300000E-01   2.500000E+01
   1.942844E+02  -3.251276E+01   3.040000E+01   1.075100E+01   9.816000E+00   7.900000E-01  -5.150000E+01
   1.943515E+02   2.749772E+01   4.330000E+01   1.049500E+01   9.533000E+00   7.000000E-01   7.000000E+01
   1.952337E+02   2.779078E+01   2.900000E+01   1.106100E+01   1.005200E+01   9.100000E-01  -6.000000E+01
   1.953589E+02   2.788598E+01   4.350000E+01   1.061700E+01   9.662000E+00   8.000000E-01  -4.500000E+01
   1.967749E+02  -2.367704E+01   4.150000E+01   1.086200E+01   9.798000E+00   5.100000E-01   4.850000E+01
   2.014336E+02  -2.983368E+01   4.900000E+01   9.991000E+00   8.938000E+00   4.900000E-01  -5.500000E+01
   2.015382E+02   3.593443E+01   3.460000E+01   1.104800E+01   1.005200E+01   4.600000E-01  -4.250000E+01
   2.024696E+02   4.719526E+01   1.975000E+02   6.517000E+00   5.601000E+00   6.800000E-01   5.750000E+01
   2.039742E+02  -3.429575E+01   2.210000E+01   1.101800E+01   9.711000E+00   4.800000E-01  -6.900000E+01
   2.043281E+02   2.438416E+01   6.800000E+00   1.270400E+01   1.045500E+01   1.000000E+00  -3.000000E+01
   2.067046E+02  -6.040831E+01   4.980000E+01   1.086900E+01   8.719000E+00   8.000000E-01  -1.250000E+01
   2.087682E+02  -2.678068E+01   4.910000E+01   1.018200E+01   9.010000E+00   4.800000E-01  -5.750000E+01
   2.099617E+02   3.818245E+01   5.240000E+01   1.060200E+01   9.258000E+00   3.600000E-01  -4.000000E+01
   2.109115E+02  -3.397839E+01   8.190000E+01   8.712000E+00   7.731000E+00   7.700000E-01   8.000000E+01
   2.120131E+02  -3.331506E+01   8.150000E+01   9.459000E+00   8.516000E+00   3.000000E-01   2.450000E+01
   2.120989E+02  -4.797081E+01   7.370000E+01   8.579000E+00   7.615000E+00   5.900000E-01   1.000000E+00
   2.125184E+02   1.773379E+01   5.110000E+01   1.062000E+01   9.654000E+00   6.700000E-01  -7.000000E+01
   2.228246E+02   5.897773E+01   6.120000E+01   1.045100E+01   9.305000E+00   2.000000E-01  -3.600000E+01
   2.258420E+02  -3.930196E+01   7.000000E+00   1.553800E+01   1.457900E+01   1.000000E+00   8.250000E+01
   2.286428E+02  -5.298938E+01   1.055000E+02   8.598000E+00   7.239000E+00   3.500000E-01  -1.800000E+01
   2.318960E+02  -6.417095E+01   6.800000E+01   9.717000E+00   8.684000E+00   5.400000E-01   1.175000E+02
   2.337386E+02   2.350291E+01   2.250000E+01   1.121000E+01   9.957000E+00   1.000000E+00  -1.000000E+01
   2.341095E+02  -6.685975E+01   6.750000E+01   9.439000E+00   8.488000E+00   6.900000E-01   2.450000E+01
   2.349891E+02   5.807939E+01   7.170000E+01   9.670000E+00   8.675000E+00   4.300000E-01   5.950000E+01
   2.383467E+02   1.195897E+01   2.960000E+01   1.161200E+01   1.058800E+01   6.100000E-01   3.500000E+01
   2.415169E+02   5.542533E+01   3.740000E+01   1.175000E+01   1.076100E+01   2.800000E-01   8.800000E+01
   2.442080E+02   3.570177E+01   1.360000E+01   1.224900E+01   1.135400E+01   1.000000E+00  -3.000000E+01
   2.443340E+02   3.490148E+01   4.220000E+01   1.072900E+01   9.795000E+00   5.800000E-01   2.750000E+01
   2.451852E+02  -7.014260E+01   7.360000E+01   1.015200E+01   8.899000E+00   1.800000E-01   6.250000E+01
   2.472773E+02  -6.164428E+01   2.640000E+01   1.080800E+01   9.794000E+00   5.500000E-01  -9.500000E+00
   2.487829E+02   4.099124E+01   3.330000E+01   1.270900E+01   1.140400E+01   1.200000E-01  -6.250000E+01
   2.488088E+02  -5.808003E+01   5.600000E+01   9.345000E+00   8.362000E+00   9.700000E-01  -7.500000E+00
   2.541870E+02  -6.240311E+01   2.700000E+01   1.148100E+01   1.055800E+01   3.700000E-01   4.600000E+01
   2.622903E+02  -6.244574E+01   6.580000E+01   1.002000E+01   9.043000E+00   8.000000E-01   4.750000E+01
   2.732308E+02   6.836332E+01   3.250000E+01   1.113600E+01   1.006600E+01   3.600000E-01  -4.750000E+01
   2.878485E+02  -5.704957E+01   6.350000E+01   8.613000E+00   7.614000E+00   8.800000E-01   2.000000E+01
   2.896555E+02  -6.049646E+01   4.490000E+01   9.990000E+00   9.051000E+00   9.400000E-01  -1.000000E+01
   3.042354E+02  -7.076825E+01   6.850000E+01   9.359000E+00   8.383000E+00   5.000000E-01   4.100000E+01
   3.062779E+02  -2.480943E+01   6.760000E+01   9.487000E+00   8.506000E+00   6.200000E-01   5.500000E+01
   3.082093E+02   9.926430E+00   5.570000E+01   9.898000E+00   8.796000E+00   3.000000E-01  -7.650000E+01
   3.169412E+02   3.877640E+00   6.300000E+00   1.279800E+01   1.168300E+01   1.000000E+00  -2.500000E+01
   3.359567E+02  -2.103810E+00   6.300000E+00   1.329400E+01   1.108200E+01   1.000000E+00   1.250000E+01
   3.390141E+02   3.394810E+01   3.240000E+01   1.160800E+01   1.091200E+01   6.000000E-01  -7.050000E+01
   3.390148E+02   3.397575E+01   2.920000E+01   1.147600E+01   1.042300E+01   5.600000E-01  -3.250000E+01
   3.458153E+02   8.873690E+00   3.180000E+01   1.029900E+01   9.010000E+00   7.100000E-01  -6.000000E+01
   3.476332E+02   6.766085E+01   3.530000E+01   1.098100E+01   9.387000E+00   4.700000E-01   8.000000E+01
   3.533186E+02  -4.501596E+01   5.970000E+01   9.325000E+00   8.439000E+00   6.600000E-01   3.750000E+01
