   4.917500E-01  -1.546772E+01   5.000000E+00   1.617700E+01   1.526000E+01   1.000000E+00   2.950000E+01  -1.240000E+02   1.000000E+00
   8.122800E-01   1.614523E+01   1.023000E+02   8.229000E+00   7.197000E+00   5.000000E-01  -4.500000E+01   1.047000E+03   1.510000E+01
   2.485590E+00  -2.496313E+01   8.300000E+01   1.002700E+01   9.215000E+00   2.800000E-01   4.350000E+01   5.610000E+02   6.800000E+00
   3.516620E+00  -2.318209E+01   4.930000E+01   1.079600E+01   1.007400E+01   1.000000E+00  -6.800000E+01   4.710000E+02   5.900000E+00
   3.723340E+00  -3.919663E+01   2.735000E+02   7.340000E+00   6.562000E+00   3.000000E-01  -6.700000E+01   1.400000E+02   1.300000E+00
   5.072230E+00   5.930379E+01   2.149000E+02   7.391000E+00   6.167000E+00   6.100000E-01  -4.800000E+01  -3.450000E+02   7.000000E-01
   6.011820E+00   1.648639E+01   5.810000E+01   1.163700E+01   1.077700E+01   1.800000E-01   5.350000E+01   8.440000E+02   1.250000E+01
   7.591220E+00  -3.324535E+01   1.448000E+02   7.975000E+00   6.919000E+00   3.200000E-01   4.500000E+01   1.587000E+03   1.900000E+01
   8.300500E+00   4.850874E+01   1.297000E+02   8.706000E+00   8.016000E+00   4.900000E-01   5.250000E+01  -1.630000E+02   7.000000E-01
   9.741540E+00   4.833738E+01   1.452000E+02   7.746000E+00   6.965000E+00   8.700000E-01   5.250000E+01  -2.110000E+02   7.000000E-01
   1.009198E+01   4.168530E+01   2.820000E+02   6.737000E+00   5.896000E+00   6.200000E-01  -2.500000E+00  -2.420000E+02   7.000000E-01
   1.014592E+01  -1.387280E+01   5.410000E+01   9.428000E+00   8.515000E+00   5.200000E-01  -7.500000E+00   1.635000E+03   2.030000E+01
   1.067427E+01   4.086517E+01   1.474000E+02   6.306000E+00   5.139000E+00   8.700000E-01  -1.500000E+01  -2.030000E+02   7.000000E-01
   1.068471E+01   4.126875E+01   1.614700E+03   2.149000E+00   1.038000E+00   5.610000E-01   4.500000E+01  -2.980000E+02   7.000000E-01
   1.178564E+01  -2.076040E+01   1.417000E+02   8.901000E+00   8.180000E+00   5.500000E-01   1.500000E+00   1.590000E+02   2.100000E+00
   1.188806E+01  -2.528880E+01   6.302000E+02   4.874000E+00   3.822000E+00   2.400000E-01   5.100000E+01   2.490000E+02   3.000000E+00
   1.275776E+01  -7.056930E+00   3.060000E+01   1.026400E+01   9.421000E+00   1.000000E+00   6.250000E+01   1.733000E+03   2.190000E+01
   1.276885E+01  -7.065640E+00   3.180000E+01   1.101400E+01   1.015400E+01   8.000000E-01   1.175000E+02   1.735000E+03   2.190000E+01
   1.317652E+01  -3.120583E+01   6.580000E+01   8.974000E+00   8.089000E+00   6.900000E-01  -2.500000E+01   1.633000E+03   1.940000E+01
   1.372283E+01  -3.768438E+01   1.994000E+02   7.712000E+00   7.066000E+00   6.200000E-01  -8.150000E+01   1.450000E+02   1.200000E+00
   1.495871E+01  -7.577960E+00   5.240000E+01   1.017200E+01   9.297000E+00   5.600000E-01  -2.250000E+01   1.651000E+03   2.070000E+01
   1.620165E+01   2.119610E+00   6.900000E+00   1.468600E+01   1.361400E+01   1.000000E+00   1.000000E+01  -2.380000E+02   7.000000E-01
   1.736280E+01   3.571796E+01   6.890000E+01   8.516000E+00   7.661000E+00   1.000000E+00  -2.750000E+01  -3.500000E+01   2.400000E+00
   2.002790E+01   3.415270E+00   4.610000E+01   9.750000E+00   8.815000E+00   9.900000E-01   4.500000E+01   2.529000E+03   3.250000E+01
   2.044520E+01   5.256720E+00   1.078000E+02   8.084000E+00   7.133000E+00   8.100000E-01   5.000000E+00   2.268000E+03   2.930000E+01
   2.261895E+01  -2.266721E+01   7.960000E+01   9.848000E+00   9.000000E+00   7.100000E-01  -8.250000E+01   1.629000E+03   1.950000E+01
   2.283648E+01  -6.868060E+00   8.820000E+01   8.376000E+00   7.445000E+00   6.200000E-01   6.250000E+01   1.874000E+03   2.340000E+01
   2.346210E+01   3.065994E+01   4.999000E+02   5.382000E+00   4.492000E+00   8.000000E-01   5.050000E+01  -1.820000E+02   7.000000E-01
   2.357598E+01  -2.941849E+01   1.182000E+02   8.100000E+00   7.186000E+00   5.600000E-01  -6.000000E+01   1.487000E+03   1.750000E+01
   2.376930E+01  -4.143620E+01   6.720000E+01   1.011300E+01   9.340000E+00   3.900000E-01  -8.800000E+01   4.040000E+02   3.900000E+00
   2.417405E+01   1.578346E+01   1.258000E+02   8.031000E+00   7.187000E+00   8.600000E-01   8.750000E+01   6.590000E+02   9.700000E+00
   2.575979E+01   1.364568E+01   9.470000E+01   8.660000E+00   7.403000E+00   3.100000E-01   4.150000E+01   8.560000E+02   1.180000E+01
   2.687454E+01   2.733335E+01   2.850000E+01   1.283500E+01   1.203900E+01   4.500000E-01  -2.250000E+01   3.390000E+02   6.400000E+00
   2.697718E+01   2.743278E+01   1.056000E+02   9.858000E+00   9.004000E+00   2.800000E-01   7.750000E+01   4.250000E+02   7.500000E+00
   2.723879E+01   5.905980E+00   7.390000E+01   8.351000E+00   7.690000E+00   3.200000E-01  -8.000000E+00   1.508000E+03   1.950000E+01
   2.738158E+01   3.258812E+01   2.830000E+01   1.317000E+01   1.248100E+01   3.000000E-01   4.450000E+01   1.630000E+02   4.600000E+00
   2.825218E+01  -1.373868E+01   9.050000E+01   8.323000E+00   7.396000E+00   5.500000E-01  -4.000000E+01   1.664000E+03   2.030000E+01
   2.983159E+01   1.900754E+01   1.052000E+02   8.418000E+00   7.440000E+00   8.000000E-01  -4.500000E+01   2.473000E+03   3.260000E+01
   3.032055E+01   2.883726E+01   5.040000E+01   1.197000E+01   1.122300E+01   2.800000E-01   2.500000E+00   2.010000E+02   4.700000E+00
   3.386517E+01   6.002620E+00   6.180000E+01   9.715000E+00   8.848000E+00   9.400000E-01   4.750000E+01   1.561000E+03   2.000000E+01
   3.563711E+01   4.234832E+01   2.254000E+02   7.336000E+00   5.994000E+00   2.400000E-01   2.500000E+01   5.290000E+02   9.600000E+00
   3.576904E+01  -2.123385E+01   1.289000E+02   8.298000E+00   7.365000E+00   5.500000E-01   8.750000E+01   1.508000E+03   1.780000E+01
   3.682047E+01   3.357888E+01   1.119000E+02   9.468000E+00   8.594000E+00   4.400000E-01  -7.500000E+01   5.540000E+02   9.400000E+00
   3.690609E+01  -1.156280E+00   1.065000E+02   7.959000E+00   7.040000E+00   8.500000E-01  -7.500000E+01   1.358000E+03   1.690000E+01
   3.839312E+01  -3.904506E+01   8.930000E+01   8.891000E+00   7.927000E+00   5.700000E-01   5.250000E+01   1.983000E+03   2.320000E+01
   3.906730E+01   2.542382E+01   6.260000E+01   1.135900E+01   1.044800E+01   3.200000E-01  -4.700000E+01   7.100000E+02   1.070000E+01
   3.914779E+01   5.965459E+01   2.353000E+02   6.317000E+00   4.749000E+00   6.800000E-01   8.050000E+01   1.500000E+01   3.600000E+00
   3.963658E+01  -6.677550E+00   5.220000E+01   9.573000E+00   8.654000E+00   8.700000E-01   8.500000E+01   1.503000E+03   1.850000E+01
   3.982039E+01   4.087229E+01   6.870000E+01   1.048400E+01   9.662000E+00   4.900000E-01   8.700000E+01   6.260000E+02   1.070000E+01
   4.010005E+01   3.906325E+01   1.810000E+02   7.261000E+00   6.332000E+00   3.800000E-01   8.200000E+01   6.240000E+02   1.050000E+01
   4.043847E+01   4.431800E-01   1.142000E+02   8.498000E+00   7.331000E+00   4.800000E-01  -7.750000E+01   1.002000E+03   1.260000E+01
   4.047927E+01   5.960423E+01   2.764000E+02   7.081000E+00   5.346000E+00   4.600000E-01   3.500000E+01   2.000000E+00   3.400000E+00
   4.066988E+01  -1.329000E-02   9.500000E+01   7.014000E+00   5.812000E+00   8.200000E-01   1.250000E+01   1.151000E+03   1.440000E+01
   4.091916E+01   1.375870E+00   5.770000E+01   1.050700E+01   9.690000E+00   7.200000E-01   4.250000E+01   1.212000E+03   1.520000E+01
   4.149969E+01  -7.578640E+00   6.750000E+01   8.954000E+00   8.013000E+00   6.200000E-01   4.000000E+01   1.408000E+03   1.710000E+01
   4.157941E+01  -3.027491E+01   1.576000E+02   7.396000E+00   6.439000E+00   5.500000E-01  -3.500000E+01   1.275000E+03   1.450000E+01
   4.420684E+01  -5.457629E+01   1.560000E+01   1.356600E+01   1.277900E+01   1.000000E+00   9.000000E+01   5.780000E+02   5.400000E+00
   4.565661E+01  -2.286716E+01   8.610000E+01   9.253000E+00   8.315000E+00   5.500000E-01  -5.250000E+01   1.394000E+03   1.630000E+01
   4.743964E+01  -2.057930E+01   9.620000E+01   8.555000E+00   7.729000E+00   8.400000E-01  -4.700000E+01   1.684000E+03   2.000000E+01
   4.781098E+01  -8.922140E+00   5.650000E+01   9.891000E+00   8.827000E+00   6.100000E-01  -4.500000E+01   2.168000E+03   2.660000E+01
   4.853769E+01  -2.822950E+00   6.310000E+01   1.050000E+01   9.647000E+00   3.600000E-01   8.250000E+01   1.709000E+03   2.110000E+01
   4.932750E+01  -4.110807E+01   1.434000E+02   6.742000E+00   5.852000E+00   7.100000E-01  -1.000000E+01   8.290000E+02   8.600000E+00
   4.956686E+01  -6.649826E+01   1.046000E+02   8.790000E+00   8.003000E+00   5.600000E-01   7.500000E+00   4.620000E+02   3.700000E+00
   4.992116E+01  -1.941136E+01   1.318000E+02   8.838000E+00   7.896000E+00   4.800000E-01  -7.900000E+01   1.583000E+03   1.880000E+01
   4.995098E+01   4.151168E+01   6.290000E+01   9.462000E+00   8.411000E+00   8.300000E-01  -8.000000E+01   2.200000E+03   3.070000E+01
   5.067412E+01  -3.720820E+01   1.660000E+02   6.565000E+00   5.688000E+00   7.200000E-01   4.750000E+01   1.774000E+03   1.690000E+01
   5.068454E+01  -3.710379E+01   6.310000E+01   8.810000E+00   7.889000E+00   9.800000E-01   1.055000E+02   1.943000E+03   1.690000E+01
   5.098499E+01  -3.646466E+01   7.810000E+01   8.528000E+00   7.613000E+00   7.000000E-01   2.250000E+01   1.363000E+03   1.690000E+01
   5.110652E+01  -2.154404E+01   9.040000E+01   9.743000E+00   8.831000E+00   3.600000E-01   5.350000E+01   1.595000E+03   1.770000E+01
   5.157217E+01  -2.133537E+01   1.075000E+02   8.072000E+00   7.122000E+00   3.400000E-01  -6.750000E+01   1.564000E+03   1.770000E+01
   5.202483E+01  -8.388620E+00   6.940000E+01   1.053100E+01   9.635000E+00   3.800000E-01  -3.000000E+01   1.246000E+03   1.500000E+01
   5.208195E+01  -3.106818E+01   8.600000E+01   8.408000E+00   7.546000E+00   6.200000E-01  -1.750000E+01   1.235000E+03   1.390000E+01
   5.278383E+01  -3.362864E+01   1.001000E+02   8.424000E+00   7.535000E+00   5.000000E-01   3.750000E+01   1.786000E+03   1.690000E+01
   5.301260E+01  -2.081916E+01   8.010000E+01   9.194000E+00   8.204000E+00   4.700000E-01  -3.950000E+01   1.517000E+03   1.780000E+01
   5.301423E+01   6.836839E+01   8.370000E+01   9.981000E+00   8.683000E+00   5.400000E-01  -3.000000E+01   1.679000E+03   2.610000E+01
   5.340191E+01  -3.614066E+01   1.354000E+02   7.600000E+00   6.599000E+00   7.500000E-01   4.950000E+01   1.639000E+03   1.690000E+01
   5.375563E+01  -2.493311E+01   8.850000E+01   8.747000E+00   7.837000E+00   7.200000E-01  -5.500000E+01   1.472000E+03   1.710000E+01
   5.411496E+01  -3.497630E+01   1.071000E+02   7.875000E+00   6.964000E+00   4.400000E-01   7.000000E+00   1.809000E+03   1.690000E+01
   5.462118E+01  -3.545074E+01   1.136000E+02   7.364000E+00   6.440000E+00   1.000000E+00  -3.000000E+01   1.443000E+03   1.690000E+01
   5.462412E+01  -2.302769E+01   9.370000E+01   7.971000E+00   7.024000E+00   8.200000E-01  -8.750000E+01   1.695000E+03   2.000000E+01
   5.471632E+01  -3.559439E+01   8.280000E+01   7.853000E+00   6.905000E+00   9.000000E-01  -1.750000E+01   1.908000E+03   1.690000E+01
   5.471721E+01  -2.633784E+01   1.132000E+02   7.603000E+00   6.692000E+00   9.200000E-01  -8.750000E+01   1.401000E+03   1.610000E+01
   5.504960E+01  -1.858038E+01   1.002000E+02   7.806000E+00   6.855000E+00   9.500000E-01   6.000000E+01   1.811000E+03   2.160000E+01
   5.550647E+01  -4.722208E+01   1.226000E+02   8.151000E+00   7.267000E+00   6.100000E-01  -8.500000E+01   1.071000E+03   1.160000E+01
   5.554806E+01  -2.989351E+01   7.390000E+01   9.409000E+00   8.559000E+00   5.400000E-01  -5.350000E+01   1.510000E+03   1.740000E+01
   5.559560E+01  -3.515353E+01   2.690000E+01   1.098100E+01   1.019600E+01   7.000000E-01  -7.950000E+01   2.280000E+02   1.690000E+01
   5.562212E+01  -1.348817E+01   9.650000E+01   9.559000E+00   8.587000E+00   2.200000E-01   2.500000E+00   2.099000E+03   2.550000E+01
   5.613298E+01  -4.464483E+01   1.171000E+02   8.830000E+00   7.770000E+00   2.000000E-01   4.350000E+01   1.178000E+03   1.290000E+01
   5.670214E+01   6.809611E+01   3.720000E+02   5.982000E+00   4.879000E+00   7.800000E-01  -2.750000E+01   3.200000E+01   3.900000E+00
   5.708638E+01   7.013288E+01   1.143000E+02   8.548000E+00   7.338000E+00   4.300000E-01  -7.500000E+01   1.210000E+03   2.030000E+01
   5.745602E+01  -7.163538E+01   3.350000E+01   1.169600E+01   1.090700E+01   8.240000E-01   8.550000E+01   1.429000E+03   1.630000E+01
   5.866220E+01  -2.050245E+01   4.290000E+01   9.867000E+00   8.564000E+00   5.800000E-01  -7.450000E+01   1.655000E+03   1.960000E+01
   5.942678E+01  -4.890847E+01   4.200000E+01   1.121500E+01   1.042400E+01   7.700000E-01  -2.100000E+01   1.123000E+03   1.220000E+01
   6.097617E+01  -4.334885E+01   1.012000E+02   8.586000E+00   7.719000E+00   4.700000E-01   4.500000E+01   9.110000E+02   9.500000E+00
   6.101133E+01  -5.410006E+01   1.043000E+02   8.876000E+00   7.934000E+00   4.000000E-01   1.300000E+01   1.169000E+03   1.340000E+01
   6.111308E+01  -2.189170E+00   5.900000E+01   1.086600E+01   9.971000E+00   2.800000E-01   8.500000E+00   8.640000E+02   1.060000E+01
   6.194545E+01   6.981243E+01   1.584000E+02   7.270000E+00   6.144000E+00   7.300000E-01   1.050000E+02   8.980000E+02   1.620000E+01
   6.210057E+01  -4.789704E+01   8.910000E+01   8.647000E+00   7.731000E+00   4.200000E-01   7.800000E+01   1.031000E+03   1.100000E+01
   6.301806E+01  -3.287421E+01   1.436000E+02   7.854000E+00   6.861000E+00   3.000000E-01   3.500000E+01   1.212000E+03   1.360000E+01
   6.318019E+01  -5.773796E+01   9.430000E+01   8.467000E+00   7.565000E+00   5.500000E-01  -8.450000E+01   1.400000E+03   1.340000E+01
   6.341961E+01  -3.164541E+01   6.730000E+01   8.755000E+00   7.849000E+00   5.700000E-01  -8.150000E+01   1.344000E+03   1.520000E+01
   6.365226E+01  -5.606081E+01   7.060000E+01   9.227000E+00   8.170000E+00   5.300000E-01  -3.300000E+01   1.190000E+03   1.340000E+01
   6.393843E+01  -5.559236E+01   9.090000E+01   7.784000E+00   6.880000E+00   9.000000E-01  -5.000000E+01   1.153000E+03   1.340000E+01
   6.404361E+01  -5.578014E+01   1.164000E+02   7.257000E+00   6.350000E+00   7.200000E-01  -3.000000E+01   1.280000E+03   1.340000E+01
   6.500175E+01  -5.493781E+01   1.133000E+02   7.916000E+00   7.037000E+00   9.500000E-01  -1.000000E+01   1.479000E+03   1.340000E+01
   6.530680E+01  -2.184613E+01   4.350000E+01   1.166800E+01   1.077100E+01   5.400000E-01  -6.050000E+01   9.060000E+02   1.010000E+01
   6.549509E+01  -5.697475E+01   8.500000E+01   8.131000E+00   7.238000E+00   8.900000E-01   4.500000E+01   8.900000E+02   1.340000E+01
   6.586292E+01   7.529557E+01   7.390000E+01   9.458000E+00   8.445000E+00   4.000000E-01  -5.000000E+01   2.460000E+03   3.660000E+01
   6.770494E+01   6.484792E+01   8.360000E+01   8.957000E+00   7.997000E+00   4.600000E-01  -6.250000E+01  -8.700000E+01   1.600000E+00
   6.791473E+01  -5.460227E+01   1.157000E+02   8.076000E+00   7.167000E+00   4.700000E-01  -7.300000E+01   1.040000E+03   1.340000E+01
   6.820453E+01   7.188311E+01   1.008000E+02   1.029800E+01   9.497000E+00   3.470000E-01   1.050000E+01  -2.800000E+01   3.000000E+00
   7.036762E+01  -2.858040E+00   7.660000E+01   9.077000E+00   8.196000E+00   7.800000E-01   3.250000E+01   7.260000E+02   8.900000E+00
   7.142730E+01  -5.924741E+01   1.139000E+02   8.132000E+00   7.224000E+00   6.300000E-01  -8.500000E+01   1.310000E+03   1.450000E+01
   7.157073E+01   7.641890E+01   4.680000E+01   1.207500E+01   1.113200E+01   2.200000E-01   7.250000E+01   9.940000E+02   1.790000E+01
   7.355625E+01  -5.336106E+01   2.240000E+01   1.153000E+01   1.076600E+01   8.400000E-01   7.750000E+01   6.400000E+02   6.000000E+00
   7.499084E+01  -2.602221E+01   6.620000E+01   1.107900E+01   1.036200E+01   3.000000E-01  -3.000000E+00   7.420000E+02   7.800000E+00
   7.552087E+01  -6.956828E+01   7.650000E+01   1.069200E+01   9.717000E+00   4.400000E-01  -2.700000E+01   1.302000E+03   1.470000E+01
   7.631023E+01  -3.798075E+01   1.156000E+02   8.033000E+00   7.089000E+00   4.800000E-01  -4.050000E+01   1.216000E+03   1.360000E+01
   7.692643E+01  -3.751305E+01   1.311000E+02   7.731000E+00   6.732000E+00   4.200000E-01  -3.700000E+01   9.950000E+02   1.080000E+01
   7.916167E+01  -3.710252E+01   5.900000E+01   1.059000E+01   9.515000E+00   2.400000E-01   7.600000E+01   1.348000E+03   1.540000E+01
   8.169839E+01  -6.376002E+01   7.090000E+01   8.575000E+00   7.644000E+00   9.900000E-01   8.900000E+01   1.116000E+03   1.210000E+01
   8.320146E+01  -1.406280E+01   4.730000E+01   1.036300E+01   9.382000E+00   7.200000E-01   5.000000E+00   3.143000E+03   3.930000E+01
   8.334065E+01  -2.194577E+01   7.610000E+01   8.802000E+00   7.815000E+00   5.000000E-01   2.700000E+01   1.671000E+03   2.000000E+01
   8.675787E+01  -3.425060E+01   7.470000E+01   9.010000E+00   8.113000E+00   4.300000E-01   1.300000E+01   9.360000E+02   1.020000E+01
   9.142652E+01  -8.663202E+01   8.820000E+01   9.537000E+00   8.195000E+00   2.200000E-01  -8.450000E+01   1.870000E+03   2.240000E+01
   9.187440E+01  -6.180758E+01   6.350000E+01   1.037400E+01   9.104000E+00   2.000000E-01   4.350000E+01   1.205000E+03   1.350000E+01
   9.409206E+01  -2.137272E+01   7.250000E+01   9.398000E+00   8.445000E+00   6.800000E-01   7.000000E+01   2.680000E+03   3.330000E+01
   9.465713E+01   7.835702E+01   9.750000E+01   8.395000E+00   7.159000E+00   4.700000E-01  -4.350000E+01   9.180000E+02   1.720000E+01
   9.541574E+01  -2.723374E+01   9.680000E+01   8.328000E+00   7.395000E+00   7.300000E-01  -6.750000E+01   1.615000E+03   1.950000E+01
   1.012046E+02  -2.763861E+01   7.450000E+01   9.370000E+00   8.412000E+00   4.100000E-01  -2.450000E+01   1.896000E+03   2.320000E+01
   1.034748E+02  -4.086261E+01   9.150000E+01   9.484000E+00   8.565000E+00   2.400000E-01   4.700000E+01   1.188000E+03   1.360000E+01
   1.117669E+02   8.017807E+01   1.046000E+02   8.962000E+00   8.059000E+00   6.300000E-01  -2.450000E+01   2.196000E+03   3.390000E+01
   1.121932E+02   6.919124E+01   4.400000E+01   1.244700E+01   1.178800E+01   8.260000E-01   3.750000E+01   1.020000E+02   2.900000E+00
   1.130854E+02   8.570886E+01   7.300000E+01   8.738000E+00   7.763000E+00   8.200000E-01   1.075000E+02   1.958000E+03   3.100000E+01
   1.140993E+02  -6.953082E+01   1.264000E+02   8.085000E+00   7.071000E+00   8.700000E-01   2.750000E+01   1.469000E+03   1.710000E+01
   1.141174E+02  -4.763555E+01   8.500000E+01   9.662000E+00   8.721000E+00   4.000000E-01  -6.550000E+01   9.770000E+02   1.090000E+01
   1.142141E+02   6.560255E+01   1.830000E+02   7.249000E+00   6.454000E+00   6.100000E-01  -5.800000E+01   1.320000E+02   4.200000E+00
   1.195625E+02  -4.985141E+01   1.307000E+02   9.419000E+00   8.196000E+00   2.000000E-01  -2.550000E+01   1.119000E+03   1.280000E+01
   1.233110E+02   4.598979E+01   4.140000E+01   1.020000E+01   9.346000E+00   8.400000E-01  -1.500000E+01   4.520000E+02   9.000000E+00
   1.234955E+02   4.574215E+01   5.680000E+01   1.204500E+01   1.127400E+01   3.000000E-01  -8.000000E+00   5.650000E+02   1.060000E+01
   1.236670E+02   4.906144E+01   3.850000E+01   1.158700E+01   1.072800E+01   4.700000E-01  -5.000000E+00   5.530000E+02   1.060000E+01
   1.242753E+02  -2.745582E+01   9.470000E+01   8.509000E+00   7.495000E+00   5.800000E-01  -4.000000E+00   1.571000E+03   2.000000E+01
   1.244303E+02  -3.013059E+01   6.210000E+01   1.057900E+01   9.579000E+00   5.400000E-01   6.000000E+01   1.650000E+03   2.090000E+01
   1.246900E+02  -2.549952E+01   9.020000E+01   8.907000E+00   7.919000E+00   5.000000E-01   7.250000E+01   1.649000E+03   2.110000E+01
   1.247707E+02   7.072003E+01   5.500000E+01   1.108300E+01   9.967000E+00   1.000000E+00  -1.500000E+01   1.580000E+02   4.500000E+00
   1.283452E+02  -2.297367E+01   1.624000E+02   7.910000E+00   6.891000E+00   2.600000E-01  -6.700000E+01   1.679000E+03   2.190000E+01
   1.312844E+02  -3.379476E+01   1.054000E+02   7.972000E+00   6.921000E+00   7.300000E-01  -7.000000E+01   2.309000E+03   2.960000E+01
   1.322995E+02   6.022112E+01   6.790000E+01   9.576000E+00   8.536000E+00   3.000000E-01   6.550000E+01   1.382000E+03   2.330000E+01
   1.331723E+02   3.342180E+01   1.532000E+02   7.379000E+00   6.387000E+00   4.000000E-01   4.150000E+01   4.150000E+02   5.700000E+00
   1.333864E+02   5.131358E+01   7.650000E+01   8.537000E+00   7.595000E+00   8.400000E-01   2.750000E+01   7.100000E+02   1.330000E+01
   1.338948E+02   5.873441E+01   5.730000E+01   9.414000E+00   8.502000E+00   3.900000E-01   3.800000E+01   8.770000E+02   1.620000E+01
   1.339072E+02   7.822308E+01   9.330000E+01   8.064000E+00   7.143000E+00   8.000000E-01   8.500000E+01   1.445000E+03   2.440000E+01
   1.370258E+02   7.808516E+01   7.610000E+01   9.795000E+00   8.870000E+00   5.500000E-01   1.200000E+01   1.126000E+03   2.040000E+01
   1.375840E+02   7.037770E+00   9.400000E+01   8.065000E+00   7.149000E+00   8.100000E-01  -1.750000E+01   1.135000E+03   1.700000E+01
   1.379063E+02   6.003721E+01   1.314000E+02   8.126000E+00   7.181000E+00   4.600000E-01  -8.750000E+01   1.408000E+03   2.370000E+01
   1.380812E+02  -2.417260E+01   1.479000E+02   7.398000E+00   6.396000E+00   5.000000E-01   7.300000E+01   7.080000E+02   7.100000E+00
   1.384604E+02  -6.964500E+01   7.410000E+01   8.996000E+00   7.920000E+00   6.900000E-01   9.500000E+01   1.702000E+03   2.060000E+01
   1.393456E+02   4.199971E+01   3.870000E+01   1.026100E+01   9.155000E+00   5.800000E-01  -2.700000E+01   1.708000E+03   2.710000E+01
   1.394704E+02  -2.235468E+01   9.130000E+01   9.221000E+00   8.364000E+00   8.700000E-01  -2.200000E+01   8.900000E+02   1.080000E+01
   1.400850E+02   6.410277E+01   2.810000E+01   1.162900E+01   1.080000E+01   8.600000E-01  -6.750000E+01   1.736000E+03   2.800000E+01
   1.405111E+02   5.097648E+01   1.812000E+02   7.097000E+00   6.158000E+00   4.500000E-01  -3.000000E+01   6.370000E+02   1.200000E+01
   1.410773E+02   3.451338E+01   5.130000E+01   9.036000E+00   8.109000E+00   7.400000E-01  -2.350000E+01   1.594000E+03   2.540000E+01
   1.415480E+02  -7.662632E+01   3.900000E+01   1.090600E+01   1.004500E+01   5.700000E-01  -5.100000E+01   4.550000E+02   3.300000E+00
   1.430421E+02   2.150083E+01   1.630000E+02   7.030000E+00   6.100000E+00   5.400000E-01   1.250000E+01   5.540000E+02   6.300000E+00
   1.433396E+02  -3.303351E+01   1.093000E+02   1.016200E+01   9.180000E+00   2.200000E-01   8.900000E+01   9.290000E+02   1.110000E+01
   1.456468E+02   5.885121E+01   5.740000E+01   8.948000E+00   8.016000E+00   6.500000E-01  -4.000000E+01   1.362000E+03   2.330000E+01
   1.460668E+02  -2.127829E+01   6.590000E+01   8.714000E+00   7.775000E+00   8.800000E-01   4.250000E+01   2.397000E+03   3.230000E+01
   1.464116E+02  -3.119109E+01   1.715000E+02   7.559000E+00   6.642000E+00   8.000000E-01  -5.750000E+01   1.083000E+03   1.380000E+01
   1.464252E+02  -1.432636E+01   5.090000E+01   9.829000E+00   8.706000E+00   4.300000E-01   2.250000E+01   2.212000E+03   3.050000E+01
   1.465881E+02   3.071200E+00   3.480000E+01   1.124600E+01   1.014800E+01   3.600000E-01   7.000000E+01   1.941000E+03   2.840000E+01
   1.468144E+02   6.791638E+01   1.196000E+02   8.512000E+00   7.669000E+00   3.800000E-01  -3.950000E+01   9.000000E+00   2.100000E+00
   1.471502E+02   3.342149E+01   6.170000E+01   1.074400E+01   9.873000E+00   3.000000E-01   7.900000E+01   1.480000E+03   2.440000E+01
   1.475926E+02   7.227865E+01   7.610000E+01   8.495000E+00   7.562000E+00   8.200000E-01   0.000000E+00   1.277000E+03   2.240000E+01
   1.484203E+02   1.579650E+00   9.510000E+01   1.023300E+01   9.161000E+00   1.600000E-01  -6.600000E+01   1.335000E+03   2.060000E+01
   1.488883E+02   6.906526E+01   4.876000E+02   4.854000E+00   3.926000E+00   5.100000E-01  -3.100000E+01  -4.300000E+01   1.400000E+00
   1.489685E+02   6.967970E+01   2.273000E+02   5.881000E+00   4.691000E+00   3.200000E-01   6.750000E+01   2.100000E+02   5.200000E+00
   1.499814E+02  -2.961780E+01   9.470000E+01   9.819000E+00   8.656000E+00   2.400000E-01   7.500000E+01   2.477000E+03   3.290000E+01
   1.504913E+02   5.568000E+01   1.303000E+02   8.552000E+00   7.345000E+00   2.400000E-01  -1.000000E+01   1.125000E+03   2.040000E+01
   1.507787E+02  -2.615957E+01   3.920000E+01   1.074800E+01   1.006800E+01   1.000000E+00   9.000000E+01   4.030000E+02   1.800000E+00
   1.508298E+02   6.873373E+01   1.010000E+02   8.333000E+00   7.500000E+00   7.900000E-01   5.500000E+01   1.000000E+01   2.100000E+00
   1.513082E+02  -7.718580E+00   1.646000E+02   6.851000E+00   5.937000E+00   3.900000E-01   4.500000E+01   6.970000E+02   6.700000E+00
   1.514507E+02  -6.737798E+01   1.004000E+02   8.273000E+00   7.309000E+00   7.400000E-01   4.000000E+01   1.672000E+03   2.050000E+01
   1.520420E+02   5.308348E+01   6.900000E+01   1.083000E+01   9.931000E+00   1.800000E-01  -4.800000E+01   1.121000E+03   2.030000E+01
   1.522107E+02  -6.703085E+01   7.940000E+01   9.686000E+00   8.672000E+00   2.600000E-01   7.500000E+00   1.375000E+03   1.670000E+01
   1.522812E+02  -2.906430E+01   6.980000E+01   1.039500E+01   9.555000E+00   4.100000E-01   3.500000E+00   1.109000E+03   1.450000E+01
   1.534403E+02   3.424670E+00   8.170000E+01   8.315000E+00   7.342000E+00   6.800000E-01   8.450000E+01   1.381000E+03   2.200000E+01
   1.535629E+02   3.466120E+00   8.570000E+01   8.356000E+00   7.375000E+00   7.400000E-01   5.250000E+01   1.229000E+03   1.970000E+01
   1.536755E+02  -2.887206E+01   1.029000E+02   8.889000E+00   7.878000E+00   3.200000E-01   5.600000E+01   1.125000E+03   1.490000E+01
   1.542313E+02  -4.888107E+01   7.650000E+01   9.899000E+00   8.879000E+00   6.300000E-01   5.000000E+00   2.742000E+03   3.510000E+01
   1.545235E+02   2.183194E+01   9.380000E+01   8.599000E+00   7.555000E+00   2.800000E-01  -6.250000E+01   1.310000E+03   2.240000E+01
   1.545708E+02   4.142438E+01   1.146000E+02   8.500000E+00   7.622000E+00   8.500000E-01   1.175000E+02   5.990000E+02   8.700000E+00
   1.549791E+02   4.554969E+01   1.143000E+02   8.976000E+00   8.041000E+00   3.500000E-01   4.000000E+01   6.600000E+02   1.080000E+01
   1.558775E+02   1.986495E+01   9.260000E+01   8.782000E+00   7.802000E+00   4.700000E-01  -2.750000E+01   1.183000E+03   2.060000E+01
   1.570978E+02   6.841214E+01   2.250000E+01   1.309200E+01   1.248800E+01   1.000000E+00   9.000000E+01   3.800000E+01   2.700000E+00
   1.573330E+02   2.949144E+01   7.500000E+01   1.005300E+01   9.125000E+00   3.600000E-01   4.350000E+01   1.362000E+03   2.360000E+01
   1.581331E+02   5.440098E+01   2.220000E+01   1.161100E+01   1.071200E+01   8.400000E-01  -3.000000E+01   1.446000E+03   2.490000E+01
   1.591784E+02  -2.752834E+01   6.680000E+01   9.317000E+00   8.399000E+00   9.100000E-01   5.750000E+01   2.710000E+03   4.860000E+01
   1.597897E+02   4.168687E+01   4.550000E+01   1.169400E+01   1.083900E+01   3.500000E-01   3.950000E+01   7.430000E+02   1.150000E+01
   1.605314E+02   1.374693E+01   9.190000E+01   9.400000E+00   8.448000E+00   5.500000E-01   9.000000E+01   1.300000E+03   2.280000E+01
   1.608798E+02   2.492222E+01   9.350000E+01   8.508000E+00   7.700000E+00   9.800000E-01  -3.000000E+01   5.850000E+02   6.100000E+00
   1.609906E+02   1.170361E+01   1.163000E+02   7.760000E+00   6.830000E+00   8.800000E-01  -1.700000E+01   7.830000E+02   8.100000E+00
   1.615527E+02   1.813320E+00   6.270000E+01   1.135600E+01   1.044700E+01   3.200000E-01  -1.600000E+01   9.860000E+02   1.070000E+01
   1.616535E+02   6.322364E+01   8.170000E+01   9.932000E+00   9.075000E+00   4.100000E-01   7.500000E+00   1.013000E+03   1.920000E+01
   1.616906E+02   1.181994E+01   1.219000E+02   7.346000E+00   6.403000E+00   6.800000E-01  -4.500000E+01   8.990000E+02   8.100000E+00
   1.619267E+02   1.398564E+01   8.480000E+01   8.476000E+00   7.612000E+00   5.800000E-01   4.750000E+01   7.180000E+02   8.100000E+00
   1.619567E+02   1.258163E+01   1.080000E+02   7.268000E+00   6.362000E+00   8.500000E-01   6.750000E+01   8.810000E+02   8.100000E+00
   1.620704E+02   1.262930E+01   1.242000E+02   7.762000E+00   6.852000E+00   5.100000E-01   5.050000E+01   7.700000E+02   8.100000E+00
   1.621164E+02   1.253316E+01   5.930000E+01   1.052300E+01   9.704000E+00   4.600000E-01  -8.050000E+01   1.267000E+03   2.250000E+01
   1.631297E+02   3.661878E+01   1.118000E+02   1.032300E+01   9.435000E+00   2.000000E-01   4.300000E+01   6.110000E+02   7.800000E+00
   1.636635E+02   5.430523E+01   5.570000E+01   1.062400E+01   9.669000E+00   5.000000E-01   6.500000E+01   1.391000E+03   2.450000E+01
   1.650998E+02   2.897482E+01   6.450000E+01   9.257000E+00   8.340000E+00   8.100000E-01   8.250000E+01   6.790000E+02   7.400000E+00
   1.658490E+02  -2.308679E+01   1.192000E+02   9.207000E+00   8.292000E+00   3.200000E-01   8.350000E+01   1.104000E+03   1.550000E+01
   1.664525E+02  -3.590000E-02   1.644000E+02   6.831000E+00   5.868000E+00   5.100000E-01  -1.450000E+01   8.040000E+02   7.200000E+00
   1.666979E+02   7.256853E+01   4.080000E+01   9.696000E+00   8.644000E+00   7.200000E-01   7.500000E+00   2.548000E+03   3.890000E+01
   1.669521E+02  -4.652607E+01   1.026000E+02   9.300000E+00   8.370000E+00   3.900000E-01  -3.900000E+01   1.055000E+03   1.340000E+01
   1.674905E+02  -3.753934E+01   8.570000E+01   8.265000E+00   7.315000E+00   7.500000E-01   3.500000E+01   3.151000E+03   4.150000E+01
   1.678790E+02   5.567412E+01   1.846000E+02   8.150000E+00   7.150000E+00   2.200000E-01   8.250000E+01   6.970000E+02   1.410000E+01
   1.683213E+02  -2.675499E+01   1.110000E+02   7.728000E+00   6.812000E+00   6.300000E-01  -7.550000E+01   1.491000E+03   2.160000E+01
   1.685457E+02   4.831838E+01   4.760000E+01   9.531000E+00   8.534000E+00   8.400000E-01  -8.500000E+01   2.135000E+03   3.400000E+01
   1.686542E+02   1.281802E+01   1.010000E+02   8.578000E+00   7.561000E+00   4.100000E-01   8.950000E+01   6.280000E+02   5.500000E+00
   1.692277E+02   1.805181E+01   8.140000E+01   8.056000E+00   7.114000E+00   8.900000E-01  -5.500000E+01   9.330000E+02   1.990000E+01
   1.695679E+02  -3.281260E+01   1.633000E+02   7.691000E+00   6.793000E+00   4.800000E-01  -1.600000E+01   7.340000E+02   7.100000E+00
   1.695891E+02   4.574829E+01   4.370000E+01   1.100700E+01   1.009100E+01   7.700000E-01   6.500000E+01   2.339000E+03   3.650000E+01
   1.697332E+02   1.309221E+01   2.116000E+02   7.040000E+00   6.113000E+00   3.200000E-01  -8.500000E+00   8.060000E+02   7.300000E+00
   1.700626E+02   1.299129E+01   1.850000E+02   6.910000E+00   5.951000E+00   5.500000E-01   6.500000E+00   7.370000E+02   6.600000E+00
   1.700708E+02   2.964170E+00   4.220000E+01   9.835000E+00   8.911000E+00   4.500000E-01   3.700000E+01   1.520000E+03   2.590000E+01
   1.700709E+02   1.358949E+01   2.530000E+02   7.375000E+00   6.221000E+00   2.400000E-01  -7.600000E+01   8.460000E+02   7.700000E+00
   1.702623E+02   5.316943E+01   8.090000E+01   9.297000E+00   8.384000E+00   9.600000E-01   2.750000E+01   1.161000E+03   2.160000E+01
   1.705751E+02   5.907424E+01   3.460000E+01   1.027900E+01   9.414000E+00   9.900000E-01   7.500000E+01   1.623000E+03   2.750000E+01
   1.713037E+02  -2.673688E+01   7.600000E+01   9.632000E+00   8.694000E+00   4.700000E-01   8.500000E+01   1.946000E+03   2.760000E+01
   1.715358E+02   4.358592E+01   1.207000E+02   7.945000E+00   6.950000E+00   4.500000E-01   5.000000E-01   7.710000E+02   1.280000E+01
   1.718829E+02   5.687671E+01   4.580000E+01   9.884000E+00   8.728000E+00   3.300000E-01  -5.450000E+01   1.686000E+03   2.840000E+01
   1.725311E+02   9.276630E+00   8.120000E+01   8.994000E+00   8.034000E+00   5.700000E-01  -5.800000E+01   1.017000E+03   1.700000E+01
   1.728833E+02  -3.030774E+01   9.900000E+01   8.708000E+00   7.613000E+00   3.400000E-01   3.300000E+01   1.731000E+03   2.460000E+01
   1.731456E+02   5.306783E+01   7.550000E+01   8.878000E+00   7.938000E+00   8.000000E-01   1.250000E+01   9.870000E+02   1.700000E+01
   1.733382E+02   4.702909E+01   1.032000E+02   8.934000E+00   8.056000E+00   6.100000E-01   2.500000E+01   8.610000E+02   1.700000E+01
   1.739550E+02   5.452357E+01   3.950000E+01   1.074200E+01   1.000200E+01   7.000000E-01  -3.750000E+01   2.250000E+02   4.300000E+00
   1.745540E+02   1.211192E+01   2.130000E+01   1.187300E+01   1.101200E+01   1.000000E+00  -2.750000E+01   1.014000E+03   1.700000E+01
   1.765269E+02  -5.639111E+01   6.940000E+01   9.456000E+00   8.421000E+00   6.100000E-01  -4.900000E+01   1.817000E+03   2.350000E+01
   1.765324E+02   4.749450E+01   1.159000E+02   8.834000E+00   7.812000E+00   2.400000E-01   3.500000E+01   8.940000E+02   1.700000E+01
   1.773140E+02   5.608435E+01   8.350000E+01   8.741000E+00   7.816000E+00   5.900000E-01  -7.050000E+01   1.172000E+03   2.190000E+01
   1.776895E+02   5.182421E+01   9.310000E+01   1.000900E+01   9.093000E+00   2.800000E-01   7.450000E+01   9.750000E+02   1.700000E+01
   1.777574E+02  -2.880621E+01   1.196000E+02   7.574000E+00   6.642000E+00   6.400000E-01   4.750000E+01   1.788000E+03   2.580000E+01
   1.782061E+02   4.412073E+01   7.780000E+01   8.960000E+00   8.096000E+00   9.500000E-01   2.850000E+01   8.050000E+02   1.700000E+01
   1.783072E+02   6.067556E+01   7.070000E+01   8.667000E+00   7.702000E+00   8.700000E-01   1.250000E+01   1.220000E+03   2.250000E+01
   1.784543E+02   5.232654E+01   1.323000E+02   8.099000E+00   7.196000E+00   4.700000E-01   1.300000E+01   1.054000E+03   1.700000E+01
   1.790310E+02  -1.989618E+01   8.300000E+01   9.701000E+00   8.626000E+00   3.800000E-01   2.000000E+01   1.717000E+03   2.600000E+01
   1.793999E+02   5.337452E+01   1.426000E+02   8.048000E+00   7.139000E+00   5.600000E-01   3.800000E+01   1.051000E+03   1.700000E+01
   1.796309E+02   4.394702E+01   1.114000E+02   8.901000E+00   7.701000E+00   2.600000E-01   6.600000E+01   8.350000E+02   1.700000E+01
   1.798549E+02   5.096169E+01   1.012000E+02   8.588000E+00   7.658000E+00   2.600000E-01  -2.000000E+00   8.780000E+02   1.700000E+01
   1.803620E+02   6.189570E+01   8.620000E+01   8.546000E+00   7.624000E+00   3.800000E-01   8.200000E+01   1.382000E+03   2.460000E+01
   1.807904E+02   4.453126E+01   1.026000E+02   8.829000E+00   7.882000E+00   5.500000E-01  -3.750000E+01   7.100000E+02   1.700000E+01
   1.810466E+02   1.844345E+01   7.180000E+01   9.706000E+00   8.794000E+00   4.100000E-01  -2.250000E+01   1.026000E+03   1.690000E+01
   1.813925E+02   5.053903E+01   9.920000E+01   8.560000E+00   7.555000E+00   4.800000E-01   5.300000E+01   7.630000E+02   1.700000E+01
   1.815048E+02   4.747836E+01   1.234000E+02   8.965000E+00   8.009000E+00   3.000000E-01   1.750000E+01   5.770000E+02   8.800000E+00
   1.815358E+02   4.958231E+01   9.450000E+01   9.061000E+00   8.093000E+00   2.900000E-01  -1.550000E+01   1.076000E+03   1.700000E+01
   1.815963E+02   5.271095E+01   6.860000E+01   8.819000E+00   7.764000E+00   5.500000E-01   3.800000E+01   8.620000E+02   1.700000E+01
   1.817630E+02   4.306539E+01   8.600000E+01   8.542000E+00   7.610000E+00   2.400000E-01  -3.000000E+01   7.940000E+02   1.700000E+01
   1.820251E+02   6.517413E+01   1.058000E+02   7.910000E+00   6.984000E+00   6.300000E-01   8.250000E+01   1.352000E+03   2.420000E+01
   1.820402E+02   1.037872E+01   8.580000E+01   9.594000E+00   8.698000E+00   4.100000E-01  -7.100000E+01   1.652000E+03   1.680000E+01
   1.824942E+02   4.645718E+01   6.960000E+01   1.066100E+01   9.922000E+00   3.400000E-01  -7.600000E+01   2.670000E+02   4.100000E+00
   1.825063E+02   3.988386E+01   6.280000E+01   1.021800E+01   9.327000E+00   7.100000E-01  -8.000000E+01   1.013000E+03   2.070000E+01
   1.825591E+02  -2.973681E+01   5.940000E+01   1.104200E+01   1.011300E+01   4.500000E-01  -5.500000E+00   2.142000E+03   3.020000E+01
   1.826361E+02   3.940576E+01   8.820000E+01   8.657000E+00   7.503000E+00   8.100000E-01  -5.000000E+01   9.890000E+02   2.030000E+01
   1.827682E+02   5.048468E+01   1.349000E+02   8.654000E+00   7.443000E+00   1.800000E-01   6.350000E+01   7.710000E+02   1.700000E+01
   1.833203E+02   4.369827E+01   6.750000E+01   1.106600E+01   1.018000E+01   3.000000E-01  -1.150000E+01   9.340000E+02   1.700000E+01
   1.834512E+02   1.490047E+01   1.728000E+02   7.974000E+00   7.012000E+00   2.400000E-01  -3.000000E+01  -1.420000E+02   1.680000E+01
   1.838203E+02   1.302384E+01   7.960000E+01   1.065500E+01   9.686000E+00   2.000000E-01   2.500000E+00   7.010000E+02   1.680000E+01
   1.839132E+02   3.632689E+01   8.540000E+01   9.087000E+00   8.291000E+00   6.400000E-01  -5.250000E+01   2.880000E+02   3.500000E+00
   1.839417E+02   1.070025E+01   2.120000E+01   1.390400E+01   1.297900E+01   7.920000E-01  -2.650000E+01   1.978000E+03   1.680000E+01
   1.839621E+02   4.709179E+01   1.120000E+02   8.921000E+00   7.704000E+00   3.400000E-01   4.750000E+01   1.028000E+03   1.700000E+01
   1.839769E+02   1.314940E+01   2.176000E+02   7.588000E+00   6.587000E+00   1.800000E-01   1.950000E+01   1.390000E+02   1.680000E+01
   1.841755E+02   6.946257E+01   7.320000E+01   1.068800E+01   9.823000E+00   1.000000E+00   1.550000E+01   2.000000E+00   2.200000E+00
   1.843736E+02   3.780711E+01   1.570000E+02   8.948000E+00   8.110000E+00   3.000000E-01   4.550000E+01   2.470000E+02   3.100000E+00
   1.843756E+02   4.561928E+01   5.560000E+01   1.089500E+01   1.007900E+01   1.000000E+00   4.250000E+01   5.160000E+02   7.500000E+00
   1.843918E+02   2.253982E+01   6.160000E+01   1.217100E+01   1.124700E+01   1.400000E-01   8.450000E+01   4.030000E+02   3.800000E+00
   1.846793E+02   6.589808E+01   9.610000E+01   9.324000E+00   8.335000E+00   3.000000E-01   4.200000E+01   2.531000E+03   3.910000E+01
   1.847068E+02   1.441649E+01   1.022000E+02   8.060000E+00   7.111000E+00   9.500000E-01   2.350000E+01   2.400000E+03   1.680000E+01
   1.847401E+02   4.730372E+01   2.639000E+02   6.512000E+00   5.598000E+00   4.900000E-01  -2.000000E+01   4.490000E+02   6.800000E+00
   1.848469E+02   5.824710E+00   7.990000E+01   8.355000E+00   7.407000E+00   8.600000E-01  -7.500000E+00   2.202000E+03   3.510000E+01
   1.849263E+02   5.538200E+00   5.650000E+01   1.064000E+01   9.666000E+00   2.000000E-01   7.600000E+01   2.347000E+03   3.510000E+01
   1.849611E+02   2.961470E+01   1.286000E+02   8.114000E+00   7.125000E+00   4.500000E-01  -8.050000E+01   9.220000E+02   9.700000E+00
   1.850284E+02   2.928050E+01   7.460000E+01   8.183000E+00   7.268000E+00   9.300000E-01   2.750000E+01   6.510000E+02   9.700000E+00
   1.853037E+02   1.838240E+01   1.171000E+02   8.597000E+00   7.675000E+00   3.400000E-01   7.700000E+01   8.820000E+02   1.700000E+01
   1.854270E+02   1.459776E+01   1.409000E+02   9.170000E+00   7.902000E+00   1.200000E-01  -2.000000E+00   1.118000E+03   1.680000E+01
   1.854790E+02   4.473590E+00   1.058000E+02   7.897000E+00   6.987000E+00   7.500000E-01   2.000000E+01   1.581000E+03   1.520000E+01
   1.856335E+02   2.989532E+01   8.900000E+01   8.570000E+00   7.636000E+00   6.800000E-01  -3.250000E+01   8.830000E+02   9.700000E+00
   1.857287E+02   1.582238E+01   1.508000E+02   7.708000E+00   6.810000E+00   7.800000E-01  -7.250000E+01   1.590000E+03   1.680000E+01
   1.861176E+02   7.317520E+00   1.130000E+02   7.708000E+00   6.800000E+00   7.400000E-01   4.500000E+01   1.177000E+03   1.680000E+01
   1.862657E+02   1.288696E+01   1.150000E+02   7.260000E+00   6.347000E+00   9.200000E-01  -5.750000E+01   9.330000E+02   1.680000E+01
   1.863502E+02   1.819108E+01   1.478000E+02   7.172000E+00   6.260000E+00   6.700000E-01   1.250000E+01   7.730000E+02   1.680000E+01
   1.864451E+02   1.266207E+01   9.290000E+01   9.179000E+00   8.171000E+00   3.200000E-01   8.950000E+01   2.607000E+03   1.680000E+01
   1.864538E+02   3.354675E+01   3.760000E+01   1.183000E+01   1.110200E+01   1.000000E+00  -6.300000E+01   3.180000E+02   3.600000E+00
   1.865492E+02   1.294597E+01   1.514000E+02   7.191000E+00   6.283000E+00   6.700000E-01  -5.500000E+01  -3.400000E+02   1.680000E+01
   1.868607E+02   1.110754E+01   1.403000E+02   7.833000E+00   6.878000E+00   3.400000E-01  -8.350000E+01   1.114000E+03   1.680000E+01
   1.869402E+02   1.300859E+01   8.930000E+01   8.387000E+00   7.384000E+00   5.400000E-01   2.050000E+01   2.590000E+02   1.680000E+01
   1.870162E+02   9.803620E+00   9.690000E+01   8.317000E+00   7.381000E+00   5.100000E-01   8.250000E+01   5.800000E+02   1.680000E+01
   1.870463E+02   4.409356E+01   1.152000E+02   8.320000E+00   7.492000E+00   6.500000E-01   5.000000E+01   2.000000E+02   3.000000E+00
   1.870643E+02   2.862030E+01   9.310000E+01   8.805000E+00   7.881000E+00   3.200000E-01  -8.850000E+01   6.930000E+02   9.700000E+00
   1.871235E+02   1.708495E+01   1.120000E+02   8.119000E+00   7.208000E+00   6.300000E-01   2.500000E+00   1.958000E+03   1.680000E+01
   1.871804E+02   1.175492E+01   5.830000E+01   1.006900E+01   9.169000E+00   2.200000E-01   3.200000E+01   2.120000E+02   1.680000E+01
   1.871833E+02   2.282156E+01   3.730000E+01   1.188000E+01   1.111500E+01   2.800000E-01   2.100000E+01   6.440000E+02   6.200000E+00
   1.874450E+02   8.000410E+00   1.792000E+02   6.389000E+00   5.506000E+00   8.100000E-01  -1.750000E+01   9.440000E+02   1.680000E+01
   1.874537E+02   1.342932E+01   9.370000E+01   8.175000E+00   7.269000E+00   5.400000E-01  -8.500000E+01   2.279000E+03   1.680000E+01
   1.875094E+02   1.363645E+01   8.200000E+01   8.255000E+00   7.364000E+00   9.000000E-01   4.000000E+01   1.263000E+03   1.680000E+01
   1.876515E+02   4.164363E+01   1.174000E+02   8.364000E+00   7.514000E+00   4.300000E-01  -6.500000E+01   5.770000E+02   7.800000E+00
   1.877059E+02   1.239110E+01   1.360000E+02   6.826000E+00   5.904000E+00   8.600000E-01  -2.750000E+01   1.259000E+03   1.680000E+01
   1.878501E+02   2.577498E+01   9.110000E+01   8.058000E+00   7.145000E+00   8.700000E-01  -7.500000E+00   1.307000E+03   9.700000E+00
   1.879967E+02   1.442041E+01   1.554000E+02   7.290000E+00   6.334000E+00   4.400000E-01  -4.000000E+01   2.285000E+03   1.680000E+01
   1.881899E+02   1.150400E-01   2.261000E+02   8.524000E+00   7.485000E+00   1.600000E-01   8.250000E+01   1.131000E+03   9.800000E+00
   1.883762E+02   8.654460E+00   4.080000E+01   1.089200E+01   9.994000E+00   6.800000E-01   4.000000E+01   1.228000E+03   1.680000E+01
   1.884493E+02   1.516717E+01   2.550000E+01   1.300000E+01   1.215300E+01   1.000000E+00   1.250000E+01   2.620000E+02   1.680000E+01
   1.885126E+02   7.699140E+00   1.509000E+02   7.546000E+00   6.552000E+00   4.300000E-01  -6.700000E+01   4.500000E+02   1.680000E+01
   1.885354E+02   2.653810E+00   1.410000E+02   8.125000E+00   7.021000E+00   3.400000E-01   6.950000E+01   1.730000E+03   1.350000E+01
   1.885846E+02   8.197760E+00   1.096000E+02   8.510000E+00   7.601000E+00   5.000000E-01   2.750000E+01   1.966000E+03   1.680000E+01
   1.886130E+02   2.187880E+00   1.135000E+02   8.727000E+00   7.698000E+00   5.200000E-01  -8.500000E+01   1.866000E+03   1.330000E+01
   1.888601E+02   1.449632E+01   1.050000E+02   8.266000E+00   7.368000E+00   1.000000E+00  -6.000000E+01   4.720000E+02   1.680000E+01
   1.889162E+02   1.255604E+01   8.880000E+01   7.780000E+00   6.855000E+00   9.400000E-01  -3.000000E+01   2.390000E+02   1.680000E+01
   1.889904E+02   2.795976E+01   1.226000E+02   8.812000E+00   7.961000E+00   4.700000E-01  -3.250000E+01   8.160000E+02   9.700000E+00
   1.890867E+02   2.598739E+01   1.911000E+02   7.238000E+00   6.130000E+00   3.200000E-01  -4.650000E+01   1.228000E+03   9.700000E+00
   1.891363E+02   1.125787E+01   7.780000E+01   9.367000E+00   8.481000E+00   5.900000E-01   5.750000E+01   2.218000E+03   1.680000E+01
   1.891429E+02   1.123863E+01   1.048000E+02   8.635000E+00   7.625000E+00   3.900000E-01   2.800000E+01   2.247000E+03   1.680000E+01
   1.892076E+02   1.316287E+01   1.651000E+02   7.686000E+00   6.762000E+00   4.000000E-01   1.500000E+01  -3.120000E+02   1.680000E+01
   1.893543E+02   7.419189E+01   6.950000E+01   8.857000E+00   7.915000E+00   7.500000E-01   9.250000E+01   1.825000E+03   3.000000E+01
   1.894317E+02   1.181809E+01   1.200000E+02   7.505000E+00   6.622000E+00   7.000000E-01   7.500000E+01   1.805000E+03   1.680000E+01
   1.899146E+02  -5.344210E+00   8.060000E+01   9.190000E+00   8.177000E+00   5.400000E-01   5.750000E+01   2.703000E+03   3.950000E+01
   1.899663E+02   1.529780E+01   3.500000E+01   1.100600E+01   1.023200E+01   6.300000E-01  -6.500000E+01   6.600000E+02   1.680000E+01
   1.899974E+02   6.160919E+01   1.018000E+02   8.793000E+00   7.921000E+00   4.000000E-01  -6.000000E+01   1.400000E+02   4.000000E+00
   1.899979E+02  -1.162307E+01   2.017000E+02   5.942000E+00   5.009000E+00   5.400000E-01   8.750000E+01   1.127000E+03   2.000000E+01
   1.901535E+02  -5.133010E+00   7.510000E+01   9.607000E+00   8.633000E+00   4.100000E-01  -7.750000E+01   2.559000E+03   3.790000E+01
   1.904696E+02   4.127372E+01   3.420000E+01   1.090400E+01   1.001900E+01   9.000000E-01   2.750000E+01   6.100000E+02   8.200000E+00
   1.905097E+02   1.164693E+01   1.090000E+02   7.773000E+00   6.866000E+00   6.500000E-01  -1.500000E+01   4.140000E+02   1.680000E+01
   1.905334E+02   3.254151E+01   2.227000E+02   7.716000E+00   6.621000E+00   3.000000E-01   8.350000E+01   6.130000E+02   6.900000E+00
   1.907078E+02   2.687780E+00   1.348000E+02   7.523000E+00   6.628000E+00   8.400000E-01  -3.750000E+01   9.790000E+02   1.700000E+01
   1.907185E+02   1.325723E+01   4.540000E+01   9.738000E+00   8.852000E+00   6.800000E-01  -1.950000E+01   9.830000E+02   1.680000E+01
   1.908856E+02   1.158247E+01   8.600000E+01   9.059000E+00   8.202000E+00   7.900000E-01  -8.500000E+01   1.358000E+03   1.680000E+01
   1.909167E+02   1.155261E+01   1.466000E+02   6.763000E+00   5.825000E+00   8.100000E-01  -7.250000E+01   1.200000E+03   1.680000E+01
   1.909860E+02   1.312635E+01   9.640000E+01   8.858000E+00   7.932000E+00   4.500000E-01  -6.000000E+01   1.044000E+03   1.680000E+01
   1.912861E+02  -4.619100E-01   1.122000E+02   8.259000E+00   7.102000E+00   2.800000E-01   3.950000E+01   1.516000E+03   1.410000E+01
   1.921496E+02  -5.800850E+00   1.238000E+02   7.382000E+00   6.502000E+00   6.300000E-01   6.750000E+01   1.308000E+03   2.330000E+01
   1.922053E+02  -4.131109E+01   9.530000E+01   8.270000E+00   7.298000E+00   8.300000E-01   9.000000E+01   2.811000E+03   4.640000E+01
   1.924123E+02   1.516549E+01   1.032000E+02   8.624000E+00   7.666000E+00   2.400000E-01   2.700000E+01   1.129000E+03   1.680000E+01
   1.925307E+02   7.287448E+01   5.650000E+01   9.114000E+00   8.167000E+00   7.700000E-01  -5.000000E+01   1.518000E+03   2.610000E+01
   1.926109E+02   2.550076E+01   1.747000E+02   7.352000E+00   6.384000E+00   5.200000E-01   5.000000E+01   1.207000E+03   1.240000E+01
   1.927215E+02   4.112015E+01   1.723000E+02   6.084000E+00   5.169000E+00   7.900000E-01   8.500000E+01   3.070000E+02   4.300000E+00
   1.927546E+02  -6.393050E+00   6.440000E+01   1.098500E+01   1.018400E+01   2.800000E-01  -5.250000E+01   1.497000E+03   2.590000E+01
   1.930732E+02   1.131366E+01   8.990000E+01   8.476000E+00   7.580000E+00   7.400000E-01   3.000000E+00   1.461000E+03   1.680000E+01
   1.930921E+02  -1.199690E+00   1.204000E+02   7.780000E+00   6.832000E+00   6.100000E-01   9.750000E+01   1.221000E+03   1.510000E+01
   1.931837E+02   1.584840E+01   5.590000E+01   1.134100E+01   1.040000E+01   2.400000E-01  -2.000000E+01   1.244000E+03   1.620000E+01
   1.932335E+02   1.123080E+01   1.417000E+02   8.357000E+00   7.445000E+00   2.600000E-01   2.950000E+01   9.420000E+02   1.680000E+01
   1.935219E+02   2.714963E+01   5.000000E+00   1.652500E+01   1.621500E+01   1.000000E+00   9.000000E+01   3.780000E+02   4.000000E+00
   1.941821E+02   2.168266E+01   2.148000E+02   6.336000E+00   5.396000E+00   5.700000E-01  -7.000000E+01   4.140000E+02   4.100000E+00
   1.945052E+02   1.575580E+00   1.006000E+02   8.902000E+00   7.874000E+00   2.800000E-01   7.500000E+01   1.228000E+03   1.560000E+01
   1.947598E+02   3.485944E+01   1.600000E+01   1.375200E+01   1.319800E+01   8.680000E-01  -1.000000E+01   8.470000E+02   1.780000E+01
   1.948386E+02  -1.504217E+01   9.780000E+01   8.468000E+00   7.558000E+00   4.200000E-01   4.250000E+01   1.251000E+03   2.110000E+01
   1.948631E+02   1.417105E+01   1.010000E+02   8.945000E+00   8.002000E+00   2.200000E-01   8.950000E+01   1.963000E+03   1.600000E+01
   1.955882E+02  -5.033404E+01   6.610000E+01   1.077400E+01   9.914000E+00   3.400000E-01   4.300000E+01   1.372000E+03   1.840000E+01
   1.958197E+02  -1.742303E+01   1.130000E+01   1.436100E+01   1.333300E+01   1.000000E+00   9.000000E+01   7.460000E+02   7.100000E+00
   1.960219E+02  -4.141159E+01   5.830000E+01   1.003200E+01   9.079000E+00   5.400000E-01   4.750000E+01   2.591000E+03   3.500000E+01
   1.960548E+02  -5.551620E+00   8.230000E+01   9.269000E+00   8.365000E+00   6.300000E-01   2.000000E+01   7.200000E+02   6.400000E+00
   1.960600E+02  -1.033961E+01   6.270000E+01   9.616000E+00   8.682000E+00   6.900000E-01   5.000000E+00   3.117000E+03   4.430000E+01
   1.963637E+02  -4.946790E+01   4.235000E+02   5.662000E+00   4.533000E+00   2.400000E-01   4.300000E+01   5.630000E+02   5.200000E+00
   1.964538E+02  -8.020410E+00   7.100000E+01   8.536000E+00   7.650000E+00   4.200000E-01   1.250000E+01   1.119000E+03   2.090000E+01
   1.966071E+02   6.770724E+01   5.000000E+00   1.674400E+01   1.662500E+01   1.000000E+00   9.000000E+01   3.300000E+01   2.800000E+00
   1.971564E+02  -4.950641E+01   1.056000E+02   7.878000E+00   6.949000E+00   6.600000E-01  -1.900000E+01   1.369000E+03   1.860000E+01
   1.977346E+02   3.705894E+01   1.308000E+02   7.517000E+00   6.501000E+00   4.200000E-01   6.750000E+01   1.015000E+03   2.130000E+01
   1.980492E+02   4.403802E+01   8.660000E+01   1.107800E+01   1.017900E+01   2.600000E-01   2.550000E+01   4.000000E+02   6.000000E+00
   1.983647E+02   3.659365E+01   1.072000E+02   8.180000E+00   7.155000E+00   4.500000E-01  -5.000000E+00   8.770000E+02   1.870000E+01
   1.989555E+02   4.202929E+01   2.042000E+02   6.697000E+00   5.728000E+00   5.800000E-01  -8.250000E+01   4.970000E+02   7.200000E+00
   1.992437E+02  -1.663485E+01   9.880000E+01   8.780000E+00   7.819000E+00   7.700000E-01  -1.250000E+01   1.743000E+03   2.730000E+01
   1.997284E+02  -2.103910E+01   1.016000E+02   8.818000E+00   8.017000E+00   6.800000E-01  -4.250000E+01   6.790000E+02   6.700000E+00
   2.000705E+02  -2.182758E+01   1.262000E+02   8.186000E+00   7.229000E+00   3.800000E-01   8.000000E+01   1.728000E+03   2.640000E+01
   2.004427E+02  -2.743052E+01   9.780000E+01   8.349000E+00   7.421000E+00   6.500000E-01  -5.750000E+01   1.864000E+03   2.740000E+01
   2.004902E+02  -3.663021E+01   1.586000E+02   8.001000E+00   7.201000E+00   4.800000E-01   4.800000E+01   4.590000E+02   3.500000E+00
   2.013656E+02  -4.301871E+01   2.787000E+02   5.031000E+00   3.989000E+00   8.900000E-01   4.250000E+01   5.410000E+02   4.900000E+00
   2.023080E+02  -3.317384E+01   6.890000E+01   9.810000E+00   8.883000E+00   5.900000E-01   5.950000E+01   2.391000E+03   3.350000E+01
   2.024021E+02   5.841873E+01   4.210000E+01   1.085400E+01   1.011900E+01   6.800000E-01  -7.500000E+00   2.000000E+02   4.800000E+00
   2.024535E+02  -1.796649E+01   1.232000E+02   8.866000E+00   7.824000E+00   2.600000E-01  -5.300000E+01   1.498000E+03   2.400000E+01
   2.024696E+02   4.719526E+01   1.975000E+02   6.517000E+00   5.601000E+00   6.800000E-01   5.750000E+01   4.670000E+02   7.700000E+00
   2.024983E+02   4.726613E+01   1.242000E+02   7.361000E+00   6.402000E+00   9.900000E-01   2.750000E+01   5.520000E+02   9.300000E+00
   2.036967E+02  -4.554744E+01   6.590000E+01   1.118900E+01   1.042200E+01   2.000000E-01  -7.750000E+01   8.290000E+02   1.080000E+01
   2.042538E+02  -2.986576E+01   3.124000E+02   5.652000E+00   4.745000E+00   7.700000E-01   4.500000E+01   5.180000E+02   4.700000E+00
   2.043836E+02   8.885060E+00   1.118000E+02   8.317000E+00   7.382000E+00   6.900000E-01  -8.500000E+01   1.156000E+03   2.270000E+01
   2.045127E+02  -1.788403E+01   9.370000E+01   8.804000E+00   7.930000E+00   7.200000E-01   4.750000E+01   1.360000E+03   2.220000E+01
   2.049834E+02  -3.164018E+01   7.810000E+01   9.291000E+00   8.500000E+00   5.400000E-01   4.000000E+01   4.170000E+02   3.200000E+00
   2.065987E+02   4.387204E+01   7.690000E+01   9.967000E+00   9.024000E+00   3.000000E-01  -2.700000E+01   2.404000E+03   3.780000E+01
   2.066027E+02   4.610739E+01   8.700000E+01   1.008500E+01   9.094000E+00   2.400000E-01  -2.900000E+01   1.562000E+03   2.770000E+01
   2.073133E+02   6.019041E+01   9.720000E+01   8.235000E+00   7.335000E+00   6.600000E-01   8.750000E+01   1.902000E+03   3.160000E+01
   2.077261E+02   3.827443E+01   1.350000E+01   1.366700E+01   1.291900E+01   1.000000E+00  -5.000000E+00   1.890000E+02   3.300000E+00
   2.083244E+02   3.349076E+01   4.130000E+01   1.078800E+01   9.820000E+00   5.600000E-01  -8.000000E+01   2.296000E+03   3.670000E+01
   2.089168E+02   4.046177E+01   1.024000E+02   8.725000E+00   7.776000E+00   7.000000E-01   2.050000E+01   2.558000E+03   3.780000E+01
   2.090500E+02   5.014460E+00   9.260000E+01   9.093000E+00   8.232000E+00   5.700000E-01   4.750000E+01   1.393000E+03   2.550000E+01
   2.092708E+02   4.184600E+01   6.330000E+01   9.741000E+00   8.773000E+00   6.500000E-01  -5.500000E+01   2.253000E+03   3.780000E+01
   2.094761E+02  -2.931573E+01   9.640000E+01   9.254000E+00   8.156000E+00   3.200000E-01   1.950000E+01   2.661000E+03   3.730000E+01
   2.103398E+02  -3.306378E+01   3.110000E+01   1.159600E+01   1.084000E+01   7.700000E-01   1.950000E+01   1.226000E+03   1.830000E+01
   2.108024E+02   5.434875E+01   2.363000E+02   6.901000E+00   5.943000E+00   9.900000E-01   2.850000E+01   2.310000E+02   5.400000E+00
   2.108371E+02  -4.137771E+01   2.120000E+01   1.223500E+01   1.148400E+01   1.000000E+00   9.500000E+01   5.100000E+02   4.900000E+00
   2.108536E+02  -6.069100E+00   4.190000E+01   1.063400E+01   9.711000E+00   5.100000E-01  -7.500000E+00   2.378000E+03   3.590000E+01
   2.108585E+02  -6.030810E+00   5.180000E+01   9.713000E+00   8.797000E+00   8.600000E-01  -2.500000E+00   2.565000E+03   3.810000E+01
   2.112567E+02   5.366221E+01   4.390000E+01   1.066500E+01   9.891000E+00   8.600000E-01   9.750000E+01   2.770000E+02   6.000000E+00
   2.129077E+02  -1.158720E+00   5.100000E+01   1.172900E+01   1.081800E+01   2.800000E-01  -8.000000E+00   1.544000E+03   2.640000E+01
   2.132913E+02  -6.533902E+01   2.595000E+02   6.311000E+00   5.039000E+00   4.100000E-01   4.000000E+01   4.390000E+02   4.200000E+00
   2.133121E+02  -3.207560E+00   7.460000E+01   9.804000E+00   8.237000E+00   2.400000E-01   9.000000E+01   1.753000E+03   2.870000E+01
   2.138926E+02   3.622698E+01   9.460000E+01   9.801000E+00   8.599000E+00   1.600000E-01  -6.500000E+01   2.878000E+03   4.390000E+01
   2.146138E+02  -4.338826E+01   8.830000E+01   9.242000E+00   8.337000E+00   5.500000E-01  -5.050000E+01   1.200000E+03   1.690000E+01
   2.149509E+02   5.672905E+01   4.350000E+01   1.088700E+01   1.011700E+01   7.600000E-01   0.000000E+00   3.030000E+02   7.000000E+00
   2.150831E+02   3.933590E+00   9.060000E+01   8.488000E+00   7.510000E+00   5.300000E-01   1.750000E+01   1.518000E+03   2.640000E+01
   2.151422E+02  -2.924186E+01   4.430000E+01   1.109400E+01   1.025700E+01   5.200000E-01   8.300000E+01   1.384000E+03   2.090000E+01
   2.153046E+02  -4.629790E+01   9.070000E+01   9.326000E+00   8.249000E+00   2.800000E-01  -5.300000E+01   1.653000E+03   2.290000E+01
   2.163381E+02   3.953931E+01   3.770000E+01   1.343200E+01   1.261500E+01   1.200000E-01   7.100000E+01   1.440000E+03   2.630000E+01
   2.181699E+02  -4.417461E+01   9.950000E+01   8.236000E+00   7.318000E+00   6.700000E-01   8.750000E+01   1.200000E+03   1.690000E+01
   2.200480E+02  -2.892100E-01   5.400000E+01   9.411000E+00   8.509000E+00   9.900000E-01  -2.000000E+01   1.900000E+03   3.040000E+01
   2.205997E+02  -1.725317E+01   8.040000E+01   9.290000E+00   8.274000E+00   3.800000E-01   3.500000E+01   2.970000E+03   4.220000E+01
   2.212334E+02   1.954740E+00   1.622000E+02   8.005000E+00   6.927000E+00   2.600000E-01  -1.000000E+01   1.801000E+03   2.940000E+01
   2.245946E+02  -1.091080E+00   9.680000E+01   8.817000E+00   7.851000E+00   4.400000E-01   8.150000E+01   1.930000E+03   3.060000E+01
   2.252969E+02   1.701970E+00   9.060000E+01   8.530000E+00   7.589000E+00   7.700000E-01  -5.000000E+01   1.882000E+03   2.850000E+01
   2.266221E+02   1.605370E+00   9.270000E+01   8.054000E+00   7.102000E+00   9.500000E-01   2.750000E+01   1.784000E+03   2.850000E+01
   2.266232E+02   5.576331E+01   1.114000E+02   7.940000E+00   6.954000E+00   4.200000E-01  -5.700000E+01   6.920000E+02   1.530000E+01
   2.267820E+02   1.544280E+00   7.920000E+01   9.289000E+00   8.370000E+00   6.000000E-01  -6.000000E+01   2.530000E+03   2.850000E+01
   2.273171E+02  -1.132182E+01   7.350000E+01   9.681000E+00   8.745000E+00   6.500000E-01  -2.750000E+01   1.867000E+03   2.890000E+01
   2.273705E+02  -5.255547E+01   9.220000E+01   9.188000E+00   7.875000E+00   3.000000E-01   4.500000E+01   1.409000E+03   1.910000E+01
   2.285560E+02  -4.680920E+01   1.094000E+02   9.337000E+00   8.568000E+00   2.200000E-01   4.050000E+01   5.180000E+02   7.200000E+00
   2.289737E+02   5.632885E+01   2.353000E+02   8.022000E+00   6.819000E+00   1.600000E-01  -2.500000E+01   6.660000E+02   1.490000E+01
   2.304857E+02   5.070540E+00   7.540000E+01   9.281000E+00   8.378000E+00   6.200000E-01   2.000000E+01   1.480000E+03   2.520000E+01
   2.316728E+02   4.056440E+01   5.000000E+01   1.106400E+01   1.010100E+01   2.400000E-01   7.050000E+01   2.619000E+03   4.060000E+01
   2.335102E+02   5.668560E+01   7.810000E+01   9.807000E+00   8.774000E+00   3.200000E-01   5.050000E+01   6.570000E+02   1.480000E+01
   2.349045E+02   5.933195E+01   9.060000E+01   9.262000E+00   8.347000E+00   5.100000E-01   1.300000E+01   2.513000E+03   3.920000E+01
   2.378551E+02   6.231003E+01   7.650000E+01   9.537000E+00   8.656000E+00   4.900000E-01   3.550000E+01   8.340000E+02   1.750000E+01
   2.436033E+02  -2.075400E-01   8.600000E+01   1.078500E+01   9.568000E+00   1.200000E-01  -8.900000E+01   2.046000E+03   3.150000E+01
   2.452423E+02   6.539055E+01   3.830000E+01   1.109100E+01   1.031700E+01   5.300000E-01   6.000000E+01   9.190000E+02   1.860000E+01
   2.518335E+02  -5.744017E+01   5.010000E+01   1.028200E+01   9.560000E+00   3.200000E-01   3.500000E+01   8.400000E+02   1.090000E+01
   2.527784E+02  -5.899346E+01   5.630000E+01   9.332000E+00   8.386000E+00   6.600000E-01   5.550000E+01   1.555000E+03   2.050000E+01
   2.531930E+02  -5.921694E+01   9.850000E+01   8.240000E+00   7.234000E+00   6.500000E-01  -2.500000E+00   1.481000E+03   1.940000E+01
   2.547623E+02  -6.021602E+01   7.760000E+01   9.548000E+00   8.642000E+00   9.100000E-01   8.250000E+01   1.130000E+03   1.470000E+01
   2.567501E+02  -6.208451E+01   5.420000E+01   1.182700E+01   1.089900E+01   2.800000E-01  -4.500000E+01   1.506000E+03   1.950000E+01
   2.592478E+02  -6.282055E+01   1.168000E+02   7.956000E+00   7.007000E+00   6.100000E-01  -5.700000E+01   1.110000E+03   1.430000E+01
   2.631013E+02   7.060270E+00   9.960000E+01   8.716000E+00   7.814000E+00   7.400000E-01   2.250000E+01   1.664000E+03   2.660000E+01
   2.673605E+02   7.014434E+01   1.177000E+02   8.300000E+00   7.382000E+00   3.200000E-01  -5.950000E+01   5.100000E+01   6.100000E+00
   2.771582E+02  -6.698228E+01   2.250000E+01   1.272400E+01   1.213200E+01   7.860000E-01  -3.250000E+01   7.410000E+02   8.900000E+00
   2.786032E+02  -5.849662E+01   7.280000E+01   1.016400E+01   9.223000E+00   3.200000E-01  -2.650000E+01   2.245000E+03   2.880000E+01
   2.874421E+02  -6.385754E+01   2.172000E+02   7.009000E+00   6.197000E+00   5.000000E-01  -2.500000E+00   8.420000E+02   1.040000E+01
   2.962342E+02  -1.479758E+01   1.589000E+02   8.128000E+00   7.341000E+00   1.000000E+00   2.750000E+01  -5.600000E+01   7.000000E-01
   2.985980E+02  -5.871356E+01   4.530000E+01   1.014800E+01   9.231000E+00   7.300000E-01  -4.000000E+01   2.144000E+03   2.710000E+01
   3.061172E+02  -4.365353E+01   5.300000E+01   9.731000E+00   8.885000E+00   7.600000E-01  -2.450000E+01   2.767000E+03   3.570000E+01
   3.085857E+02  -3.198089E+01   8.730000E+01   9.053000E+00   8.054000E+00   3.600000E-01   7.500000E+00   2.799000E+03   3.660000E+01
   3.087180E+02   6.015368E+01   2.525000E+02   6.446000E+00   5.545000E+00   7.000000E-01   5.250000E+01   4.600000E+01   5.500000E+00
   3.130068E+02  -6.919331E+01   1.018000E+02   1.016600E+01   9.341000E+00   2.800000E-01  -3.950000E+01   5.980000E+02   6.700000E+00
   3.156303E+02  -1.681830E+01   5.890000E+01   1.078600E+01   9.941000E+00   2.800000E-01   8.500000E+01   1.479000E+03   2.040000E+01
   3.197510E+02  -4.856201E+01   7.450000E+01   8.275000E+00   7.339000E+00   7.600000E-01   5.450000E+01   2.190000E+03   2.760000E+01
   3.222598E+02  -5.276735E+01   5.610000E+01   1.182700E+01   1.108900E+01   1.800000E-01   8.850000E+01   8.690000E+02   1.060000E+01
   3.241203E+02  -5.455732E+01   1.364000E+02   9.324000E+00   8.404000E+00   2.600000E-01  -4.800000E+01   8.660000E+02   1.040000E+01
   3.305079E+02  -3.186989E+01   6.030000E+01   9.519000E+00   8.390000E+00   4.600000E-01  -8.250000E+01   2.651000E+03   3.390000E+01
   3.306659E+02  -2.081282E+01   1.139000E+02   8.848000E+00   7.871000E+00   3.400000E-01   5.950000E+01   2.625000E+03   3.410000E+01
   3.306732E+02  -5.129659E+01   7.670000E+01   9.618000E+00   8.975000E+00   5.800000E-01  -8.250000E+01   1.270000E+02   1.000000E+00
   3.319684E+02   3.135915E+01   8.870000E+01   7.920000E+00   6.941000E+00   8.800000E-01   7.750000E+01   9.460000E+02   1.600000E+01
   3.325488E+02  -1.666100E+01   5.260000E+01   1.035600E+01   9.438000E+00   5.800000E-01   3.500000E+01   1.662000E+03   2.200000E+01
   3.337330E+02  -6.684941E+01   7.570000E+01   1.006400E+01   8.849000E+00   2.000000E-01   2.750000E+01   1.746000E+03   2.100000E+01
   3.352393E+02  -4.603585E+01   4.940000E+01   1.152600E+01   1.065200E+01   2.600000E-01   1.250000E+01   9.150000E+02   1.110000E+01
   3.389426E+02  -2.605025E+01   8.910000E+01   9.195000E+00   8.306000E+00   3.800000E-01  -2.000000E+00   1.430000E+03   1.830000E+01
   3.389662E+02   3.394488E+01   1.610000E+01   1.172600E+01   1.072700E+01   9.200000E-01  -3.000000E+01   7.860000E+02   1.380000E+01
   3.392671E+02   3.441592E+01   1.558000E+02   7.157000E+00   6.113000E+00   4.900000E-01  -1.250000E+01   8.190000E+02   1.430000E+01
   3.437539E+02  -3.966137E+01   1.218000E+02   8.219000E+00   7.304000E+00   3.300000E-01   4.250000E+01   1.638000E+03   2.010000E+01
   3.441507E+02  -3.703008E+01   6.620000E+01   9.811000E+00   8.914000E+00   5.400000E-01  -5.100000E+01   1.445000E+03   1.780000E+01
   3.442945E+02  -3.646248E+01   9.640000E+01   7.832000E+00   6.929000E+00   7.900000E-01   4.250000E+01   1.624000E+03   2.000000E+01
   3.443065E+02  -4.339614E+01   7.990000E+01   8.484000E+00   7.608000E+00   7.700000E-01  -4.000000E+01   1.725000E+03   2.100000E+01
   3.443265E+02  -4.107057E+01   5.000000E+01   1.051700E+01   9.739000E+00   6.500000E-01  -5.500000E+01   9.510000E+02   1.150000E+01
   3.452498E+02   3.014478E+01   7.650000E+01   9.265000E+00   8.375000E+00   5.500000E-01  -5.250000E+01   7.050000E+02   1.230000E+01
   3.455434E+02  -3.956940E+01   6.630000E+01   1.078200E+01   9.941000E+00   4.800000E-01   3.300000E+01   1.211000E+03   1.470000E+01
   3.487021E+02  -4.359994E+01   5.680000E+01   9.497000E+00   8.592000E+00   5.000000E-01   1.750000E+01   1.598000E+03   1.930000E+01
   3.490449E+02  -4.258483E+01   7.640000E+01   8.618000E+00   7.625000E+00   5.900000E-01  -8.500000E+01   1.609000E+03   1.950000E+01
   3.495984E+02  -4.237057E+01   1.152000E+02   8.486000E+00   7.413000E+00   2.800000E-01  -2.300000E+01   1.459000E+03   1.760000E+01
   3.497700E+02  -8.485140E+00   1.042000E+02   8.761000E+00   7.780000E+00   4.700000E-01  -3.500000E+01   2.227000E+03   2.890000E+01
   3.498381E+02  -4.225684E+01   8.670000E+01   9.517000E+00   8.554000E+00   3.800000E-01   5.450000E+01   1.663000E+03   2.020000E+01
   3.505274E+02   4.084543E+01   9.350000E+01   1.000000E+01   9.108000E+00   3.400000E-01  -1.800000E+01   3.690000E+02   8.600000E+00
   3.521809E+02  -4.133348E+01   6.150000E+01   9.434000E+00   8.549000E+00   9.100000E-01   1.500000E+01   1.512000E+03   1.810000E+01
   3.536145E+02  -3.610108E+01   5.720000E+01   1.024500E+01   9.393000E+00   8.600000E-01   2.750000E+01   7.070000E+02   8.400000E+00
   3.544581E+02  -4.772778E+01   7.700000E+01   9.756000E+00   8.668000E+00   1.800000E-01  -5.350000E+01   2.844000E+03   3.490000E+01
   3.549745E+02  -1.229301E+01   6.320000E+01   8.725000E+00   7.815000E+00   9.000000E-01   2.750000E+01   1.821000E+03   2.330000E+01
   3.559398E+02  -3.195677E+01   1.380000E+01   1.427000E+01   1.329200E+01   1.000000E+00   9.000000E+01   2.670000E+02   3.300000E+00
   3.594576E+02  -3.259103E+01   1.460000E+02   7.958000E+00   7.250000E+00   8.200000E-01   8.250000E+01   2.310000E+02   2.800000E+00
