12.9126996994 -91.9427032471 2496020.0 -35.9931182861 0.56125437325 -0.330174756669 -0.12221768842
-452.850585938 -425.803314209 2392480.0 -35.9471206665 0.111429790153 0.13464591892 0.190066158272
-985.533691406 187.584594727 2390520.0 -35.946231842 0.420995132397 0.13145757498 -0.0209730892413
-510.627502441 -282.805786133 2382980.0 -35.9428024292 -0.0700159331972 -0.676363405279 0.332473546814
-417.164093018 -190.522399902 2251990.0 -35.8814163208 -0.2548623088 0.850575355762 0.396571687412
-1032.35998535 -198.230697632 2077650.0 -35.7939300537 -0.670395924834 0.302989950262 -0.0506332882563
-323.223602295 -63.9912986755 2073740.0 -35.791885376 -0.700355000828 -0.221881952061 0.00317123190754
-685.285400391 -391.751800537 2039430.0 -35.7737731934 -0.809857090397 -0.240685647703 -0.204002711332
-467.902893066 -250.869903564 953692.0 -34.9485206604 -0.840331864639 -0.192311362485 -0.311599359872
-818.704772949 486.464813232 885265.0 -34.8676834106 -0.311000918312 -0.0198787900102 -0.883019512161
-716.886901855 -41.412399292 395441.0 -33.9927024841 -0.395787250092 -0.0468209989499 -0.231264249262
-755.065124512 -210.237304688 295314.0 -33.6757087708 -0.387769971634 -0.15013027714 -0.898151576579
25.7702007294 -747.265014648 99600.0 -32.4956474304 0.246777723476 -0.0104571906593 -0.377450281806
-534.19329834 -333.792999268 94071.0 -32.4336395264 -0.907597778994 -0.30509554246 -0.0279282732827
387.253601074 508.443695068 93656.0 -32.4288406372 0.637753855147 0.746540574262 0.654641066778
-137.947296143 -330.030792236 75223.0 -32.1908760071 -0.41415467616 -0.394677809899 0.0211874593544
-974.193786621 555.472473145 47442.0 -31.6904067993 -0.443145247841 0.038602178567 -0.564464436038
-668.44519043 -1344.25537109 17787.0 -30.6252574921 0.386911025545 0.190205793746 0.995291232333
