2663.0 189.0 2792400.0 65535.0 8.3562 0.040978 -0.0342256 81.0
2727.0 790.0 2770900.0 65535.0 8.27821 -0.00190796 -0.0301189 81.0
1830.0 681.0 2715020.0 65535.0 8.25669 0.0211835 -0.0166124 81.0
978.0 2698.0 2674370.0 65535.0 8.4515 -0.0253505 0.0213591 81.0
1008.0 1397.0 2496020.0 65535.0 7.92116 0.0143266 -0.026871 81.0
1956.0 2055.0 2392480.0 65535.0 7.68438 0.0339787 -0.0214982 81.0
3010.0 802.0 2390520.0 65535.0 7.84733 0.0338439 -0.0251291 81.0
2068.0 1765.0 2382980.0 65535.0 7.58887 -0.00030987 -0.0190481 81.0
1938.0 1958.0 2328250.0 65535.0 7.57321 0.0106626 -0.0222987 81.0
1877.0 1582.0 2251990.0 65535.0 7.49157 0.0642474 -0.0179453 81.0
3960.0 1061.0 2091670.0 65535.0 7.61078 0.137748 -0.0360944 81.0
625.0 1283.0 2082040.0 65535.0 7.47149 0.0453504 -0.0233316 81.0
3116.0 1578.0 2077650.0 65535.0 7.27284 0.0410961 -0.0256394 81.0
1684.0 1330.0 2073740.0 65535.0 7.25707 0.0189051 -0.0247137 81.0
2423.0 1979.0 2039430.0 65535.0 7.19943 0.0181101 -0.0282781 81.0
3305.0 257.0 1949230.0 65535.0 7.48082 0.0549495 -0.0552857 81.0
2228.0 2559.0 1895120.0 65535.0 7.07655 0.0243318 -0.0209584 81.0
2166.0 3589.0 1885220.0 65535.0 7.40014 -0.058899 -0.000207443 81.0
1076.0 268.0 1830500.0 65535.0 7.47362 0.0139439 -0.0195217 80.0
3552.0 2275.0 1816770.0 65535.0 7.27821 0.0758023 -0.00917119 81.0
2581.0 1631.0 1767280.0 65535.0 7.01072 0.0174038 -0.0254465 81.0
2092.0 1862.0 1733200.0 65535.0 6.98065 -0.00134195 -0.0267184 81.0
3982.0 936.0 1700660.0 62923.0 7.86935 0.141419 -0.0498871 81.0
2397.0 3895.0 1669680.0 57752.0 7.95938 -0.0959722 0.0320188 81.0
17.0 2074.0 1623340.0 59232.0 8.17197 0.113164 -0.0529454 81.0
3143.0 2552.0 1583460.0 65535.0 7.00406 0.0542849 -0.0110964 81.0
1806.0 1524.0 1581350.0 65535.0 6.89711 0.0164921 -0.0292033 81.0
2487.0 2177.0 1529680.0 65535.0 6.85908 0.0286124 -0.0255393 81.0
1968.0 1179.0 1499530.0 65535.0 6.98253 0.0220429 -0.0277789 81.0
682.0 1562.0 1469580.0 59838.0 7.33277 0.0582619 -0.025772 81.0
2060.0 1271.0 1341750.0 59823.0 6.92473 0.0255619 -0.0264182 80.0
553.0 1843.0 1339230.0 54461.0 7.45479 0.0608438 -0.0335048 81.0
1670.0 3264.0 1327170.0 55189.0 7.18152 -0.0271026 -0.0292028 81.0
1374.0 1209.0 1308690.0 53592.0 7.19093 0.0255602 -0.0259975 81.0
1899.0 1720.0 1178550.0 51245.0 7.12555 0.00979316 -0.0299545 81.0
2915.0 1785.0 1142170.0 50896.0 7.10975 0.0302311 -0.0279896 81.0
2742.0 1126.0 990096.0 42568.0 7.35077 0.0288522 -0.0255191 81.0
1425.0 3025.0 977781.0 40260.0 7.41452 -0.00334324 -0.0306758 81.0
856.0 1000.0 964676.0 36086.0 7.70237 0.03357 -0.0126864 81.0
1500.0 2613.0 953844.0 39900.0 7.39323 0.0244788 -0.0341559 81.0
1981.0 1702.0 953692.0 40961.0 7.37478 0.0197186 -0.0289055 81.0
1730.0 2725.0 944725.0 41086.0 7.31507 0.00655815 -0.0282041 81.0
2884.0 2985.0 943229.0 38669.0 7.42791 0.015924 0.00597249 81.0
1562.0 1992.0 920372.0 38636.0 7.41455 0.0272063 -0.0245206 81.0
3640.0 2626.0 903190.0 35320.0 7.91795 0.0836998 0.0187053 81.0
1972.0 479.0 897795.0 35526.0 7.59057 0.0172966 -0.0266942 81.0
2665.0 205.0 885265.0 34142.0 7.78183 0.0266415 -0.0380488 81.0
1518.0 2285.0 847673.0 36089.0 7.50435 0.0211753 -0.0268782 81.0
2476.0 1294.0 836030.0 34742.0 7.58489 0.0302236 -0.0239435 81.0
1335.0 2997.0 787496.0 31730.0 7.64706 -0.00634784 -0.0285077 81.0
308.0 2440.0 761200.0 26650.0 8.52741 0.0631525 -0.0529479 81.0
375.0 1726.0 758531.0 27980.0 8.19117 0.0577836 -0.0265421 81.0
1648.0 3165.0 742816.0 29521.0 7.77581 -0.000357934 -0.0204909 81.0
2046.0 2309.0 720037.0 30462.0 7.65446 0.025765 -0.0257995 81.0
1988.0 1715.0 705441.0 28163.0 7.75764 0.00903791 -0.0263245 81.0
2050.0 1828.0 703541.0 29629.0 7.68068 0.0386721 -0.0225753 80.0
660.0 3766.0 701518.0 20166.0 9.3517 -0.0742943 -0.0858032 81.0
826.0 1900.0 691570.0 26783.0 7.9176 0.0235263 -0.0252091 81.0
3335.0 2311.0 690737.0 26913.0 7.88241 0.0345096 -0.00356107 81.0
1397.0 2260.0 661201.0 26180.0 7.937 0.0220362 -0.0284002 81.0
3943.0 550.0 607874.0 20064.0 8.78989 0.0886611 -0.0439262 81.0
2574.0 2200.0 597984.0 24094.0 7.96075 0.0296541 -0.0177 81.0
2254.0 2872.0 568458.0 21972.0 8.16224 0.0171422 -0.0222338 81.0
3342.0 403.0 559246.0 18980.0 8.60846 0.0407762 -0.0374961 81.0
2187.0 2361.0 547921.0 21580.0 8.10097 0.00979324 -0.0214248 81.0
717.0 1666.0 526987.0 18702.0 8.54358 0.0299931 -0.0201758 81.0
1223.0 1339.0 521299.0 19252.0 8.39661 0.0130342 -0.0175423 81.0
2204.0 2942.0 512031.0 18961.0 8.28098 -0.000927818 -0.0107023 81.0
2287.0 2626.0 510771.0 19854.0 8.27082 0.00862219 -0.0203792 81.0
446.0 677.0 491560.0 15589.0 9.12883 0.0384734 -0.00537572 81.0
1615.0 2379.0 477165.0 17661.0 8.4484 0.010639 -0.0193358 81.0
3771.0 281.0 450183.0 13790.0 9.34514 0.0571923 -0.0382592 81.0
1608.0 1996.0 447356.0 15872.0 8.62017 0.0111902 -0.0164704 81.0
1541.0 2867.0 445013.0 15939.0 8.71613 0.0126602 -0.0167684 81.0
786.0 1286.0 441353.0 14717.0 9.02316 0.0359954 -0.0147661 81.0
257.0 1670.0 440331.0 13478.0 9.26706 0.0519947 -0.0176826 81.0
1980.0 4008.0 439761.0 12261.0 9.62035 -0.0895582 -0.00478405 81.0
1847.0 1718.0 439715.0 15936.0 8.78976 0.0242438 -0.0181862 81.0
3910.0 1184.0 437486.0 13792.0 9.21533 0.0783498 -0.0214232 81.0
2086.0 2716.0 435614.0 15817.0 8.64505 0.00371362 -0.0160058 81.0
1807.0 1768.0 433540.0 15406.0 8.70707 0.013705 -0.0161934 81.0
1483.0 1221.0 433275.0 14906.0 8.82456 0.00513462 -0.0170392 81.0
3559.0 2276.0 423287.0 40062.0 10.7718 0.225669 -0.00371617 81.0
2846.0 100.0 409866.0 13087.0 9.39247 0.00429999 -0.0415026 81.0
3413.0 1577.0 408379.0 13748.0 9.07434 0.0317461 -0.0204416 81.0
3224.0 461.0 402354.0 10825.0 10.1779 0.069018 -0.0687139 81.0
61.0 1834.0 400379.0 11190.0 9.7012 0.0590114 -0.0227732 81.0
2476.0 1272.0 395441.0 13551.0 9.07983 0.0221858 -0.0182276 81.0
3774.0 390.0 395224.0 11582.0 9.58812 0.0491956 -0.0363805 81.0
1694.0 1525.0 394000.0 45405.0 8.44196 0.0334254 0.0291038 70.0
3427.0 1062.0 393819.0 12788.0 9.20434 0.0279324 -0.020288 81.0
3097.0 1095.0 393453.0 11469.0 9.49751 0.0416152 0.00863468 81.0
1541.0 699.0 392157.0 12758.0 9.18991 0.00337846 -0.0179303 81.0
2204.0 2021.0 390897.0 13879.0 8.97818 0.0146127 -0.0156838 81.0
2251.0 2974.0 388831.0 13208.0 8.98861 -0.00401341 -0.00459004 80.0
1475.0 2201.0 388161.0 13033.0 9.049 0.00402093 -0.0162801 81.0
4074.0 297.0 382045.0 10671.0 9.86813 0.0711807 -0.0339176 81.0
3223.0 3266.0 380943.0 11429.0 9.50082 0.0126857 0.0251869 81.0
1712.0 2844.0 368336.0 12508.0 9.16506 0.0072016 -0.0161454 81.0
2449.0 309.0 360588.0 10924.0 9.56714 0.00695186 -0.0292042 81.0
