-841.0689 494.6013 19408.9
-859.3941 183.7829 219786.0
-382.7814 267.0857 243220.4
87.2137 -760.751 25585.9
13.8896 -75.0691 49888.4
-466.0284 -440.982 70145.5
-1005.145 185.7374 23227.4
-511.6585 -256.9226 31768.7
-443.9168 -377.387 981747.9
-421.773 -172.9922 29512.1
-1452.9099 51.921 751622.9
202.1728 -32.629 765596.6
-1052.7472 -197.1479 16519.6
-322.6873 -81.3843 24547.1
-703.6552 -392.0596 20323.6
-1115.5008 453.1323 18535.3
-584.1681 -678.7325 741310.2
-544.9166 -1188.7523 619441.1
-30.1283 465.8007 981747.9
-1242.8616 -547.596 625172.7
-766.6455 -219.8317 1037528.4
-521.2705 -331.4451 1042317.4
-1463.8788 112.5938 557185.7
-657.2029 -1340.7259 963829.0
507.6363 -420.2118 946237.2
-1038.6902 -681.6129 1032761.4
-381.7572 -160.3244 981747.9
-716.0068 -490.5541 954992.6
-465.5138 9.7585 972747.2
175.7525 -171.1366 527229.9
-510.1709 -36.7221 879022.5
241.8925 -309.4233 801678.1
-301.0451 -1024.1014 891250.9
-169.8582 -1.0361 916220.5
-426.6605 -258.5633 812830.5
-931.494 -298.6399 755092.2
-850.4443 29.9261 812830.5
-181.629 -903.3272 744732.0
85.151 106.0492 783429.6
-221.7148 -699.3211 338844.2
-468.1735 -240.2823 29107.2
-335.1335 -757.0266 765596.6
-906.4043 -894.9307 711213.5
-257.1759 -391.4952 721107.5
-1283.5877 -721.7322 660693.4
-472.6375 356.2772 779830.1
-811.5774 466.6429 245470.9
-233.0933 -536.7023 628058.4
-716.6286 -49.4734 827942.2
-136.8521 -888.8037 628058.4
366.91 -603.982 645654.2
328.8773 -250.2753 613762.0
-290.9077 -975.0199 467735.1
-495.6079 -552.719 633869.7
-468.1735 -240.2823 29107.2
-501.367 -313.3402 554625.7
201.9805 -1263.0192 628058.4
107.4979 -339.8819 532108.3
-1135.2854 -563.1236 575439.9
-173.1774 -523.2464 496592.3
-1447.2042 303.7571 639734.8
-759.0385 -502.5996 552077.4
-594.8058 -833.8358 332659.6
-1151.8293 381.9222 418793.6
-565.067 -579.647 343557.9
159.5999 -223.0953 501187.2
-93.8325 -64.2512 564937.0
-568.9051 -868.2385 512861.4
-613.0152 -712.171 467735.1
284.3453 268.5315 414954.0
-280.5885 -584.2483 492039.5
-1364.0023 437.5844 354813.4
-279.9283 -393.6482 496592.3
-239.8236 -826.3232 420726.6
121.952 -35.1427 331131.1
386.7684 -221.9254 420726.6
-449.5989 -1393.7391 465586.1
-401.1605 -257.2582 469894.1
-1427.6824 -8.8319 438530.7
-512.13 -755.2133 467735.1
-380.6203 -281.9643 200447.2
-223.7601 -7.4612 463446.9
-1242.8616 -547.596 625172.7
-908.1299 535.3333 522396.2
-1179.6244 -199.2566 314774.8
-1093.3545 355.1336 394457.3
484.3448 -301.8161 332659.6
-716.6286 -49.4734 827942.2
-1364.7241 384.4435 354813.4
-327.6895 -161.5251 450816.7
-1189.93 55.6989 487528.5
-1026.1516 42.5865 279254.4
-257.2261 250.945 405508.5
-575.7987 -410.8198 210862.8
-592.2046 -884.9651 314774.8
-212.2366 -494.4901 381944.3
-1512.718 426.6016 331131.1
-1071.8845 -1036.0217 252348.1
-325.2966 -815.205 340408.2
-711.7103 437.1693 399944.7
-1509.223 -178.0314 242102.9
-319.4745 -457.524 387257.6
-1328.8618 -395.1388 204173.8
-748.1886 -166.2048 430526.6
-1374.1744 -1087.7039 183653.8
-1015.9565 296.4626 396278.0
-117.1749 -258.2824 356451.1
-506.5883 -641.0718 448745.4
-1161.4483 552.8378 156314.8
-685.6935 466.5081 242102.9
64.7983 -292.1001 297851.6
-39.2814 -757.6695 149279.4
-609.4852 -476.0496 222843.5
-636.3188 -466.5777 219786.0
-255.2982 -923.1951 208929.6
-70.1421 -25.4703 242102.9
445.6377 -822.6478 205116.2
-633.61 -1358.3284 151356.1
-24.5247 -1203.7393 353183.2
-766.6455 -219.8317 1037528.4
-188.398 -307.4377 383707.2
-642.9258 -113.7792 223872.1
-679.9811 -1147.723 181970.1
-238.3005 -71.1228 211836.1
-216.0432 229.9497 187068.2
-445.8588 -139.2973 194088.6
-1392.5128 281.9443 144544.0
170.3124 -1321.2863 121338.9
-616.7498 398.0795 217771.0
154.8837 -1389.355 192309.2
-1264.4505 232.5659 254683.0
-706.634 83.5103 155596.6
-1284.3188 -509.7813 173780.1
-1040.5091 -1163.9759 126473.6
233.3869 -475.0224 155596.6
-1137.1393 -235.253 139315.7
506.5962 -601.8017 153461.7
186.2422 -1222.9177 153461.7
395.8754 157.7731 139958.7
61.2294 -1181.83 157036.3
504.3041 -498.3611 152054.8
-84.336 -158.9608 143879.9
-1490.6084 -476.6105 197697.0
-388.893 -45.8957 124738.4
-1209.0088 559.4008 178648.8
-1122.6347 189.4472 162929.6
-276.8836 -1406.9581 103276.1
-384.906 509.9354 183653.8
-761.5537 355.5215 283139.2
-252.2928 -1406.9548 178648.8
-945.8561 -608.5476 104231.7
-848.8662 -1009.8562 137404.2
-516.6486 565.747 146554.8
-1104.7971 -1121.1097 118032.1
-247.0645 497.3963 120781.4
-135.3173 -785.6136 127057.4
-119.9325 -1070.2426 127643.9
-925.6954 -601.4384 133659.6
-967.2904 554.1668 219786.0
-1246.4016 -1032.5511 127057.4
-1216.8673 -398.0195 131220.0
63.2655 10.5199 124738.4
-1378.4921 -104.8393 138038.4
-1409.5518 386.9937 139315.7
159.2254 472.9648 131825.7
-933.9403 584.2021 163681.7
38.078 -648.0195 98627.9
87.79 -82.571 131220.0
-1396.0987 -185.8518 124165.2
129.0581 -1260.2632 156314.8
-811.5774 466.6429 245470.9
-460.7825 -322.4307 134896.3
276.828 -1221.728 110662.4
-432.3894 399.996 139958.7
-997.0142 -1056.1437 118576.9
-1502.2888 -163.3262 124738.4
206.7139 -490.3995 108143.4
-905.7877 -606.6095 108143.4
383.0394 -948.6951 106659.6
-1166.0071 -782.9921 30478.9
-369.6349 -1266.9028 114815.4
-409.1987 139.7005 149968.5
-993.2959 -56.6179 131825.7
-920.6698 -802.4268 121338.9
-833.6537 -1070.9401 86297.9
-1353.3861 -409.1949 100461.6
-45.602 -123.7296 127057.4
-335.3216 583.564 126473.6
-899.4854 84.2056 113240.0
-1015.3481 -112.8488 108642.6
-17.5439 -1152.8892 105196.2
-82.2994 -1062.8708 108143.4
-156.1455 -662.685 110153.9
-222.305 -1118.3913 108642.6
356.357 -765.2502 78343.0
-242.6413 -50.5633 144544.0
-341.035 -680.9176 110153.9
-1448.7621 -1104.4059 77268.1
-1346.7032 -102.1883 89536.5
-1086.1705 71.856 125314.1
-355.9559 588.6506 123026.9
-325.6353 -252.6248 108143.4
-805.2236 -1160.0989 99083.2
-1521.2029 351.5347 21281.4
-253.5125 -807.4548 80537.8
-829.2208 -726.8574 111173.2
-880.7086 -77.4068 140604.8
-721.6523 435.0059 158489.3
166.6251 -1297.326 101391.1
-1332.2875 -844.1443 118032.1
49.5394 -1373.4897 96827.8
-620.3815 93.698 99540.5
-10.1831 537.0509 94189.0
403.3939 -324.2087 99083.2
409.7378 -981.0503 85901.4
296.9286 -1338.0709 186208.7
-859.3941 183.7829 219786.0
264.5304 -588.0362 87498.4
-886.9085 297.0617 108642.6
-440.7557 -179.9762 84333.5
-400.7457 -1045.4286 99540.5
-382.7814 267.0857 243220.4
-1045.936 -1283.2093 120781.4
-564.6705 -106.1063 106169.6
-1364.3568 -293.9513 89536.5
417.7556 391.979 65463.6
-1376.1485 534.6772 98627.9
30.1556 422.9907 118576.9
-688.6052 -911.4655 95060.5
367.4165 -388.3919 75857.8
-511.8028 -514.903 124165.2
234.6864 544.9977 89125.1
296.9286 -1338.0709 186208.7
-1415.352 -927.3409 85901.4
117.1 -1173.5025 60534.1
482.0955 -808.316 73790.4
-1489.1804 343.2778 104712.9
-39.7459 -405.5695 87902.3
-57.1731 -1208.9499 82413.8
467.2068 -456.3623 66374.3
-651.3429 -677.3128 76913.0
-397.8203 431.9529 99540.5
-252.9092 433.7256 92045.0
264.3823 -195.006 74131.0
-703.7228 450.8721 121338.9
-1311.371 -1040.3121 79067.9
-385.7114 -1079.9757 75857.8
-747.7828 -1209.677 79067.9
-147.9203 -644.3945 83176.4
-1046.8752 -1123.649 68865.2
-616.5019 -857.7623 95499.3
-768.8673 514.7792 95060.5
-846.5101 -221.243 89125.1
-866.446 -626.7325 90364.9
-363.8714 -860.9516 85901.4
-879.1095 -233.8266 91201.1
197.7614 561.9115 93325.4
-271.7378 -1297.7173 83946.0
-1081.8781 -891.8163 86297.9
-240.7735 -950.7833 88308.0
-1228.6722 -1172.0112 86696.2
-833.1661 -1237.9604 72110.7
-86.4372 -117.9409 91622.0
-123.4374 -1003.7629 84333.5
-768.2494 26.0083 93756.2
120.5577 -1224.3927 76559.7
87.2137 -760.751 25585.9
-1259.999 -148.7739 102329.3
-1138.6671 -687.9862 95940.1
-134.4065 -1165.8235 59429.2
331.1955 -739.4759 71449.6
-504.6145 -1406.8121 71779.4
-1229.249 -1188.1317 68548.8
-1272.9111 -1228.0088 78704.6
-523.8708 -472.856 91622.0
17.4335 106.4508 89125.1
-761.5537 355.5215 283139.2
-418.8078 170.1486 82413.8
-1179.9026 324.4461 84333.5
-1133.4459 -436.6019 100461.6
49.2446 -1234.1697 83176.4
-1099.575 -1194.7572 66988.5
-947.8264 498.2255 86297.9
-579.417 -1420.9022 65463.6
-1119.151 -1221.8281 61376.2
-987.2692 221.8561 120781.4
433.3762 -344.1548 76913.0
-863.8147 -192.3501 80167.8
467.6764 -1387.2132 80909.6
-433.4417 -419.7248 202301.9
-849.3363 -244.1542 86297.9
219.7579 85.0692 76913.0
-1273.4287 -600.0051 72443.6
-138.333 -321.5937 80167.8
-1268.3703 410.9346 80537.8
-782.2266 -141.1774 72110.7
-1240.1384 266.0107 95499.3
-1021.1233 -740.5543 79432.8
-172.9612 -139.6063 69502.4
43.178 -793.0895 10814.3
159.1573 -792.9453 68865.2
-697.8354 -968.3087 104712.9
-774.2027 -650.6856 74817.0
-1478.6077 -1037.2568 109144.0
333.1614 342.7942 60534.1
413.3503 -630.9708 70469.3
-1147.8339 -22.9677 79432.8
-351.7159 -176.4491 76559.7
-1445.3369 -1396.9259 61659.5
-295.1626 -580.4404 95940.1
-1402.5461 151.4466 68548.8
-1205.3956 299.2814 93756.2
209.2097 -790.8698 66988.5
132.4111 -631.4034 66680.7
-521.2705 -331.4451 1042317.4
-101.8224 337.1784 72443.6
-385.7146 -1166.4357 74131.0
382.8827 504.6258 66988.5
-409.7848 -216.1098 63095.7
-1354.9413 -1305.2026 70469.3
-1244.6896 -761.8884 61094.2
-783.1875 508.6139 12359.5
445.6377 -822.6478 205116.2
-572.9715 -203.9387 68233.9
-1045.936 -1283.2093 120781.4
362.0319 50.4093 70794.6
-73.5193 -193.1504 80167.8
-1477.7905 56.5234 61659.5
-1102.6772 -524.4456 83946.0
270.6947 -86.7968 67920.4
-895.3921 -176.2735 73113.9
172.029 280.6938 82413.8
-1313.0698 -891.4421 70794.6
-943.1529 -20.0342 73451.4
-733.2372 -1361.642 70794.6
-272.2248 -1227.1074 58076.4
37.1725 -1203.6294 93756.2
15.771 -1251.7992 62517.3
-941.9345 -116.884 66374.3
313.9633 474.8672 60813.5
55.7952 -621.6099 57279.6
185.0035 -416.6674 67297.7
-45.1342 -1022.1396 61094.2
455.8695 99.7807 62805.8
-1094.5168 -1386.2854 60813.5
-150.1165 -269.3146 56754.5
-114.1622 -222.7823 64268.8
-1255.9681 -779.9254 65463.6
-94.8475 -706.2613 62517.3
-76.9488 -276.0905 60534.1
-556.9936 356.3963 69823.2
-1167.8072 -542.0518 66988.5
66.4018 -849.5902 79067.9
-911.6985 -223.8908 72110.7
-1132.6471 504.1033 76559.7
-905.4092 -1377.7618 57279.6
-868.0472 -557.743 71779.4
-259.1532 -1031.0556 74131.0
298.2138 -653.9408 58884.4
92.7947 -744.4312 59429.2
368.8665 -730.9724 57544.0
-999.2777 -1084.0649 56754.5
-765.4732 -54.4909 106659.6
11.1313 -472.7691 52966.3
-1083.9609 128.1574 72443.6
-949.7129 -593.5693 64268.8
-564.3039 -1101.3275 56234.1
-384.906 509.9354 183653.8
-138.333 -321.5937 80167.8
-1243.282 -527.0061 68233.9
-377.0108 441.1068 71779.4
-322.6873 -81.3843 24547.1
311.1571 -317.3826 57544.0
460.8025 -47.0905 57809.6
-5.7712 -386.1491 64863.4
-646.8514 414.5804 62805.8
-697.8354 -968.3087 104712.9
-159.2103 -1275.7254 77268.1
-49.4644 -868.8997 59429.2
199.819 -599.3989 64565.4
-837.8569 -553.7804 64863.4
-1377.9102 -1251.1277 57016.4
185.9848 316.2426 59156.2
-1270.1486 422.0036 72443.6
2.9837 -349.4291 57279.6
-733.9467 -287.79 56754.5
-426.6203 -451.2534 67920.4
-1119.2883 18.3781 66988.5
372.846 -183.7628 110153.9
-736.2376 -911.2321 66988.5
-308.4932 -511.0823 59979.1
-43.3776 -849.0096 58884.4
-1205.7178 -844.4355 57809.6
376.2171 -571.8837 58884.4
-893.3874 -392.4933 71449.6
-936.4258 -1142.1151 50350.1
-1080.9794 2.0784 80537.8
36.0992 -45.3594 66374.3
-894.4021 134.0979 73113.9
-685.6192 149.0375 48977.9
-740.9613 100.8584 71449.6
135.6087 189.2365 66069.3
-354.244 353.4008 70145.5
-165.2706 -499.3158 60813.5
40.4286 519.0605 58344.5
-182.6954 -769.3873 61376.2
-448.9666 -78.0979 71449.6
-1005.6296 -552.5458 52480.7
-219.412 -653.5409 54450.3
-287.9285 42.2609 66069.3
-28.4257 418.9907 68233.9
-365.9756 -111.1215 72110.7
-996.6104 402.4124 57544.0
-1054.5034 578.9147 68865.2
-1243.8372 579.2605 165196.2
-936.6436 -1038.3349 55462.6
141.5997 -956.164 43853.1
-1112.6205 -1198.3344 87498.4
-997.1231 225.4214 70794.6
-338.4749 -643.0571 52480.7
-335.5338 230.1638 66069.3
-1119.009 164.739 64268.8
372.846 -183.7628 110153.9
-216.0432 229.9497 187068.2
-856.9226 -469.988 47643.1
-161.582 418.6246 56234.1
-780.9897 -280.2673 54954.1
-1120.1477 -1058.5078 44874.5
-1485.0968 -490.4867 58884.4
-827.781 -672.2566 58344.5
-347.8832 -364.1685 56234.1
-404.9967 589.9117 47206.3
-1099.711 -45.6217 55975.8
-245.8076 388.3264 66374.3
-611.191 -659.1404 44668.4
-366.8989 -1111.7923 46989.4
-271.0538 -1135.8472 49888.4
-1317.2506 -673.0533 57809.6
-1452.9099 51.921 751622.9
-822.5535 -1314.2162 50815.9
-350.3744 -282.4689 49204.0
-552.5536 -319.3133 60534.1
-499.1374 -1003.0604 59703.5
78.5375 -310.0306 49659.2
-899.1902 -879.4974 62517.3
-629.2027 43.1953 64268.8
291.942 363.6504 58344.5
-538.1228 546.0515 44463.1
-839.8124 -443.3609 54954.1
-716.2921 -15.5232 63387.0
-893.4922 -289.323 60813.5
-471.3958 -1057.8638 56754.5
-554.8475 -188.1337 51760.7
-1166.0071 -782.9921 30478.9
-279.7495 -26.958 44874.5
62.2068 -447.5201 52239.6
-935.8147 -1257.4453 52966.3
-1452.2542 -369.5221 52480.7
360.2496 389.6397 57809.6
-508.6632 -538.6022 63387.0
-155.223 -758.685 59979.1
-898.9627 163.9961 66374.3
-108.5275 285.5581 55462.6
-809.7752 -996.2903 61659.5
-32.9558 527.8706 54450.3
-521.7601 188.2353 49888.4
-1140.7879 -436.516 64863.4
409.818 -89.9997 52239.6
-74.7061 -117.4504 47643.1
-1399.191 521.1417 54954.1
-1383.2448 172.8897 51286.1
507.6363 -420.2118 946237.2
-398.9686 -323.6778 23227.4
-820.543 -736.6639 101391.1
-394.7117 414.4735 50350.1
-398.4684 229.3927 64268.8
-106.8811 394.9482 60813.5
-552.73 -70.093 61094.2
121.9958 -633.9427 44668.4
-324.0677 -1094.7949 64268.8
-1505.4824 -82.0678 57544.0
-475.4567 -1086.3247 48305.9
-411.0499 -1042.3107 61659.5
-497.8777 -383.0594 55462.6
-94.6276 -84.4413 57279.6
-637.2212 427.5134 53703.2
-736.0691 -773.6418 48977.9
-1090.4823 -632.9696 51286.1
-557.8081 -386.9748 53703.2
-1000.909 234.2196 68233.9
157.4145 -564.3551 43451.0
-967.2904 554.1668 219786.0
-292.1984 404.4804 48305.9
-183.5752 -1047.6774 54450.3
-322.5343 -41.9843 16143.6
-664.7449 -56.676 49204.0
-55.6093 -213.0999 51760.7
-1033.9627 -919.1315 59979.1
-820.543 -736.6639 101391.1
-481.7466 -610.8158 51760.7
191.7626 -585.9081 48977.9
-406.3091 -433.5993 48083.9
-931.9361 -917.0323 54954.1
-435.1576 -490.4152 51286.1
-887.6761 -394.3409 66680.7
-565.7602 21.5735 55718.6
-220.1507 -630.3609 51050.5
-803.5659 -73.2754 56234.1
-253.4444 87.4554 70794.6
296.9286 -1338.0709 186208.7
-363.9475 -770.2315 49659.2
-168.094 455.5141 43651.6
-886.7451 -384.5204 51999.6
-265.6782 -267.9162 47863.0
-136.8521 -888.8037 628058.4
40.4286 519.0605 58344.5
-629.4779 -711.566 57279.6
-301.024 319.0991 45081.7
-779.783 533.7652 51050.5
-908.142 -945.2816 38370.7
-1464.6052 13.8224 55975.8
-426.6605 -258.5633 812830.5
-586.9962 -9.2524 43451.0
-1100.8322 -459.5443 94189.0
-322.6873 -81.3843 24547.1
479.2407 -132.1648 48083.9
-893.3846 -1361.1364 40738.0
-264.481 -61.486 10617.0
-894.4021 134.0979 73113.9
-854.0971 395.8857 66374.3
-188.398 -307.4377 383707.2
-755.6609 -729.8488 39445.7
-233.0933 -536.7023 628058.4
-150.1165 -269.3146 56754.5
-1205.7178 -844.4355 57809.6
-32.9558 527.8706 54450.3
-1424.5554 16.4404 50815.9
301.9385 -17.9111 43853.1
84.4091 215.0392 38194.4
-1046.8752 -1123.649 68865.2
-511.8028 -514.903 124165.2
-512.13 -755.2133 467735.1
372.846 -183.7628 110153.9
-265.6782 -267.9162 47863.0
237.3721 530.2274 29922.6
-1204.5825 -1144.4666 15275.7
-115.7805 69.6477 42462.0
-657.2029 -1340.7259 963829.0
-155.7519 -606.475 38904.5
-366.7496 45.6784 13740.4
-8.3108 264.0509 43651.6
-928.1309 98.493 36812.9
504.3041 -498.3611 152054.8
-253.4444 87.4554 70794.6
-173.2015 597.6137 89949.8
-163.1041 -222.6655 24547.1
-172.9612 -139.6063 69502.4
17.6667 -544.3992 27289.8
-1040.735 112.9596 34994.5
-301.0451 -1024.1014 891250.9
