-818.704772949 486.464813232 81998.0 -32.2845077515 -0.139861875535 0.735886809098 0.251989499407
-1517.58825684 429.799407959 80747.0 -32.2678146362 -0.238804745961 0.640030813248 -0.403691642689
-1174.53234863 -782.056884766 59896.0 -31.9434947968 -0.683962076173 0.0713241725997 -0.374303294354
302.869812012 -1339.37194824 847673.0 -34.8205718994 0.0581123998465 -0.55322819822 -0.0679483349214
42.5839004517 -742.533996582 1895120.0 -35.6940917969 -0.1415851475 -0.535867229965 -0.00876645906068
-1451.23730469 -1402.24291992 98940.0 -32.4884300232 0.136093952305 -0.220440982122 -0.886444337523
387.253601074 508.443695068 54665.0 -31.8442726135 -0.80707980381 0.502478535445 -0.54544608307
-810.970214844 500.481201172 1623340.0 -35.5260238647 0.369758162527 -0.0472839803243 -0.328549297334
451.046691895 -824.42767334 2674370.0 -36.0680541992 0.500242843571 -0.809123323622 0.414293186245
-1045.66113281 -1292.63586426 47442.0 -31.6904067993 -0.967415178892 -0.136055022356 -0.746303244945
-137.947296143 -330.030792236 393453.0 -33.9872322083 0.988521356434 -0.440807340401 0.287083676339
-326.105407715 -70.4878005981 53275.0 -31.8163089752 -0.850381328903 -0.859494635402 -0.816525670595
-1454.6875 45.7130012512 2328250.0 -35.9175758362 0.0902561187231 -0.611048777941 -0.0221658044225
-1181.54321289 -778.197509766 92884.0 -32.4198532104 -0.0735894129242 -0.499209054908 -0.271375933178
-1403.30908203 524.892028809 60775.0 -31.959312439 -0.61384195612 0.244069462758 -0.692902629677
503.486999512 -415.69720459 50178.0 -31.7512836456 -0.910663256868 -0.17509676552 -0.253923277459
-974.193786621 555.472473145 39426.0 -31.4894561768 -0.855676204087 0.151005490519 0.422222321343
-323.839813232 -56.0612983704 53791.0 -31.8267745972 -0.765184218703 0.623103551691 -0.0935565664391
-1488.91918945 10.4372997284 73528.0 -32.1661300659 -0.393669436496 0.0024389567786 -0.558420718188
-432.998199463 -260.244598389 71268.0 -32.1322364807 -0.47946494043 -0.101666717318 -0.373940419324
-317.168395996 -70.3469009399 169999.0 -33.0761146545 0.802169743872 -0.15040313215 0.603965499956
-231.774002075 -530.002685547 100202.0 -32.5021896362 0.096615926703 0.197877270384 -0.494660789
-497.888702393 -501.940490723 51988.0 -31.7897586823 -0.859105199883 -0.755962341527 -0.632904660899
-512.535217285 -749.295715332 116739.0 -32.6680412292 0.212402322249 0.230478566513 -0.310437207062
-668.44519043 -1344.25537109 521299.0 -34.29271698 0.474620287032 -0.598004814261 0.0253852166545
-129.762298584 -576.530029297 73549.0 -32.1664428711 -0.263555352089 0.930455139741 -0.276710566677
-270.310394287 82.7351989746 88305.0 -32.3649635315 -0.0601876042809 0.705030998184 -0.301267146154
-153.424301147 -192.817901611 138325.0 -32.8522529602 0.398181322013 0.500269885779 -0.563535218085
8.27569961548 -542.09979248 151913.0 -32.9539871216 0.811743701426 0.417196862867 -0.183277882604
-296.273895264 -1028.24523926 73769.0 -32.1696853638 -0.297762932843 0.018477661573 0.379056216122
