-818.704772949 486.464813232 885265.0 -34.8676834106 -0.647355484152 -0.0110282185914 -0.963028361584
-716.886901855 -41.412399292 395441.0 -33.9927024841 -0.287311532408 -0.0134051383289 -0.115304690709
-1517.58825684 429.799407959 382045.0 -33.9552879333 0.815454265997 1.24410870863 -0.909652843443
-755.065124512 -210.237304688 295314.0 -33.6757087708 -0.770529355095 0.132397962299 -0.869176811823
-1174.53234863 -782.056884766 182869.0 -33.1553497314 0.2158619141 1.05340576731 0.69124573994
-1380.16784668 538.158691406 139523.0 -32.8616142273 0.279723863995 0.172796588268 -0.950509219883
302.869812012 -1339.37194824 134084.0 -32.8184432983 1.92394061648 -1.73653545637 -2.01807593429
42.5839004517 -742.533996582 114543.0 -32.6474227905 3.99389096218 -2.89684857934 2.03144297442
472.503112793 -1391.28491211 102523.0 -32.527053833 1.57433502891 -1.55145390954 -1.84245646563
25.7702007294 -747.265014648 99600.0 -32.4956474304 0.114153933427 0.234048910739 -0.356470842477
-1451.23730469 -1402.24291992 95693.0 -32.4522018433 2.38436444158 0.471114248156 3.01092791967
-534.19329834 -333.792999268 94071.0 -32.4336395264 -0.901089260728 -0.057729696186 -0.0423851660804
387.253601074 508.443695068 93656.0 -32.4288406372 0.526639535847 0.858816466829 0.609582310337
-810.970214844 500.481201172 90008.0 -32.3857040405 4.27863913753 -1.44421057122 -2.22588430253
451.046691895 -824.42767334 89821.0 -32.3834457397 -1.67071007677 -1.063128194 1.49481294378
-1045.66113281 -1292.63586426 89082.0 -32.3744735718 0.715335738281 -0.912092902107 2.35074034892
-137.947296143 -330.030792236 75223.0 -32.1908760071 -0.357690461952 -0.451635444383 -0.00430854994181
-326.105407715 -70.4878005981 74107.0 -32.1746482849 3.63037453005 2.14785570537 3.12851804
-1454.6875 45.7130012512 58619.0 -31.9200954437 6.31019930672 3.72852327177 0.859212506837
-1181.54321289 -778.197509766 54910.0 -31.8491287231 -0.203819601684 1.21562768981 0.75759253455
-1403.30908203 524.892028809 51857.0 -31.7870178223 0.299534216414 1.19911079537 -1.86606719316
503.486999512 -415.69720459 51196.0 -31.7730903625 2.4467741083 -3.65088559187 2.87290426735
-974.193786621 555.472473145 47442.0 -31.6904067993 -0.235105221226 0.0600026830347 -0.503340297343
-323.839813232 -56.0612983704 47168.0 -31.6841182709 2.81715441376 4.65502662674 1.3525911156
-1488.91918945 10.4372997284 32362.0 -31.2750892639 -0.0972723169913 3.21493963109 1.31603847631
-432.998199463 -260.244598389 31748.0 -31.2542915344 0.275873763861 -1.35264277292 -0.683068910013
-317.168395996 -70.3469009399 31060.0 -31.2305030823 -0.173510513955 -1.07412406278 -1.99680920205
-275.611785889 -59.7675018311 30423.0 -31.2080059052 -0.653229713171 -0.124429630893 -1.47642726442
-231.774002075 -530.002685547 26753.0 -31.0684318542 0.625984058274 2.59050057661 0.253159958976
-497.888702393 -501.940490723 21051.0 -30.8081817627 -1.12187538741 -0.0981948326978 0.503577525688
-512.535217285 -749.295715332 20374.0 -30.7726898193 0.774440557559 1.41160333307 0.502832512531
276.970397949 510.67590332 19481.0 -30.7240276337 -1.21563312793 -0.107128651824 1.68887113571
-1197.24694824 -1153.10144043 18168.0 -30.648267746 -0.412920630645 -5.08372332451 -1.13875000937
-668.44519043 -1344.25537109 17787.0 -30.6252574921 0.360146391874 0.265553636979 1.28199422208
-129.762298584 -576.530029297 16189.0 -30.5230503082 -1.25821131372 -0.717237676146 0.51924778467
-349.719299316 13.4998998642 15829.0 -30.4986343384 -1.21496401823 -0.107713578536 3.12738414076
-270.310394287 82.7351989746 14196.0 -30.3804149628 -0.530822642638 -6.45355507813 2.02194057845
-153.424301147 -192.817901611 13970.0 -30.362991333 -1.31563814518 0.016601005602 2.0320672846
8.27569961548 -542.09979248 13678.0 -30.340057373 0.0242306730261 6.61217618238 0.0857693228961
-296.273895264 -1028.24523926 13384.0 -30.3164653778 -0.0472726701477 2.02784310187 -2.83013439321
