2663.0 189.0 -817.8315 494.4183 2792400.0 -36.1149440733 8.3562 0.040978 -0.0342256 -817.0822 494.4708 1690440.9 -35.5699999797
2727.0 790.0 -845.1133 195.7519 2770900.0 -36.1065521316 8.27821 -0.00190796 -0.0301189 -844.1437 196.9192 1770109.0 -35.6200000256
1830.0 681.0 -400.5661 256.8458 2715020.0 -36.0844325828 8.25669 0.0211835 -0.0166124 -401.0314 257.5322 1577611.3 -35.4950000209
978.0 2698.0 37.5367 -737.1549 2674370.0 -36.0680537297 8.4515 -0.0253505 0.0213591 36.6042 -737.0994 1230268.8 -35.2250000258
1008.0 1397.0 12.9127 -91.9427 2496020.0 -35.9931201523 7.92116 0.0143266 -0.026871 13.7701 -92.3191 1419057.5 -35.3799999834
1956.0 2055.0 -452.8506 -425.8033 2392480.0 -35.9471207899 7.68438 0.0339787 -0.0214982 -453.0093 -425.4291 1472312.5 -35.4199999982
3010.0 802.0 -985.5337 187.5846 2390520.0 -35.9462309538 7.84733 0.0338439 -0.0251291 -985.6209 187.5368 1393156.8 -35.3599999977
2068.0 1765.0 -510.6275 -282.8058 2382980.0 -35.9428009935 7.58887 -0.00030987 -0.0190481 -509.5231 -281.8722 1202264.4 -35.1999999687
1938.0 1958.0 -444.639 -377.5392 2328250.0 -35.9175740291 7.57321 0.0106626 -0.0222987 -443.9168 -377.387 981747.9 -34.9799999524
1877.0 1582.0 -417.1641 -190.5224 2251990.0 -35.8814161442 7.49157 0.0642474 -0.0179453 -416.8844 -189.0112 1380384.3 -35.3500000278
3960.0 1061.0 -1455.2738 51.6586 2091670.0 -35.8012329188 7.61078 0.137748 -0.0360944 -1452.9099 51.921 751622.9 -34.6900000086
625.0 1283.0 202.2205 -32.3892 2082040.0 -35.7962226722 7.47149 0.0453504 -0.0233316 202.1728 -32.629 765596.6 -34.7099999902
3116.0 1578.0 -1032.36 -198.2307 2077650.0 -35.7939309708 7.27284 0.0410961 -0.0256394 -1032.7482 -197.3678 1213388.9 -35.2100000443
1684.0 1330.0 -323.2236 -63.9913 2073740.0 -35.791885762 7.25707 0.0189051 -0.0247137 -322.2325 -63.0942 1241652.3 -35.2349999934
2423.0 1979.0 -685.2854 -391.7518 2039430.0 -35.7737720087 7.19943 0.0181101 -0.0282781 -685.1805 -391.8033 1213388.9 -35.2100000443
3305.0 257.0 -1136.0773 455.66 1949230.0 -35.7246577171 7.48082 0.0549495 -0.0552857 -1134.4817 454.7421 1164126.0 -35.1649999726
2228.0 2559.0 -584.1303 -677.9736 1895120.0 -35.6940917873 7.07655 0.0243318 -0.0209584 -584.1681 -678.7325 741310.2 -34.6749999395
2166.0 3589.0 -545.6448 -1188.4881 1885220.0 -35.6884050962 7.40014 -0.058899 -0.000207443 -544.9166 -1188.7523 619441.1 -34.4800000437
1076.0 268.0 -29.2921 467.6403 1830500.0 -35.656424333 7.47362 0.0139439 -0.0195217 -30.1283 465.8007 981747.9 -34.9799999524
3552.0 2275.0 -1243.6227 -547.4344 1816770.0 -35.6482498746 7.27821 0.0758023 -0.00917119 -1242.8616 -547.596 625172.7 -34.4900000125
2581.0 1631.0 -766.3351 -220.3395 1767280.0 -35.6182634066 7.01072 0.0174038 -0.0254465 -766.6455 -219.8317 1037528.4 -35.0399999834
2092.0 1862.0 -521.8182 -331.1168 1733200.0 -35.5971217009 6.98065 -0.00134195 -0.0267184 -521.2705 -331.4451 1042317.4 -35.0449999694
3982.0 936.0 -1467.1316 113.501 1700660.0 -35.5765437428 7.86935 0.141419 -0.0498871 -1463.8788 112.5938 557185.7 -34.3649999047
2397.0 3895.0 -658.0485 -1342.1067 1669680.0 -35.5565831127 7.95938 -0.0959722 0.0320188 -657.2029 -1340.7259 963829.0 -34.9599999734
17.0 2074.0 510.0088 -420.0606 1623340.0 -35.5260237251 8.17197 0.113164 -0.0529454 507.6363 -420.2118 946237.2 -34.9400000443
3143.0 2552.0 -1038.482 -681.6589 1583460.0 -35.4990177427 7.00406 0.0542849 -0.0110964 -1038.6902 -681.6129 1032761.4 -35.0349999939
1806.0 1524.0 -382.3462 -161.1922 1581350.0 -35.4975700073 6.89711 0.0164921 -0.0292033 -381.7572 -160.3244 981747.9 -34.9799999524
2487.0 2177.0 -715.5809 -490.4835 1529680.0 -35.4615014712 6.85908 0.0286124 -0.0255393 -716.0068 -490.5541 954992.6 -34.9500000159
1968.0 1179.0 -465.3594 8.7005 1499530.0 -35.439887897 6.98253 0.0220429 -0.0277789 -465.5138 9.7585 972747.2 -34.9699999735
682.0 1562.0 176.0063 -171.2515 1469580.0 -35.4179830822 7.33277 0.0582619 -0.025772 175.7525 -171.1366 527229.9 -34.3050000794
2060.0 1271.0 -510.3496 -37.6619 1341750.0 -35.3191790099 6.92473 0.0255619 -0.0264182 -510.1709 -36.7221 879022.5 -34.8599999792
553.0 1843.0 242.1563 -309.6509 1339230.0 -35.3171379234 7.45479 0.0608438 -0.0335048 241.8925 -309.4233 801678.1 -34.7600000496
1670.0 3264.0 -301.8102 -1023.3701 1327170.0 -35.3073163903 7.18152 -0.0271026 -0.0292028 -301.0451 -1024.1014 891250.9 -34.8749999535
1374.0 1209.0 -170.2129 -1.5361 1308690.0 -35.2920919597 7.19093 0.0255602 -0.0259975 -169.8582 -1.0361 916220.5 -34.9050000117
1899.0 1720.0 -427.0552 -259.1585 1178550.0 -35.1783700305 7.12555 0.00979316 -0.0299545 -426.6605 -258.5633 812830.5 -34.7749999784
2915.0 1785.0 -931.0151 -299.3543 1142170.0 -35.1443268722 7.10975 0.0302311 -0.0279896 -931.494 -298.6399 755092.2 -34.6949999602
2742.0 1126.0 -850.0483 28.9396 990096.0 -34.9891932649 7.35077 0.0288522 -0.0255191 -850.4443 29.9261 812830.5 -34.7749999784
1425.0 3025.0 -181.9544 -902.8818 977781.0 -34.9756039848 7.41452 -0.00334324 -0.0306758 -181.629 -903.3272 744732.0 -34.680000038
856.0 1000.0 85.4123 106.2045 964676.0 -34.9609536848 7.70237 0.03357 -0.0126864 85.151 106.0492 783429.6 -34.7349999407
1500.0 2613.0 -222.273 -699.0687 953844.0 -34.9486933805 7.39323 0.0244788 -0.0341559 -221.7148 -699.3211 338844.2 -33.8250001405
1981.0 1702.0 -467.9029 -250.8699 953692.0 -34.948520349 7.37478 0.0197186 -0.0289055 -469.4937 -253.4326 1096478.2 -35.1000000038
1730.0 2725.0 -335.6309 -756.433 944725.0 -34.9382635203 7.31507 0.00655815 -0.0282041 -335.1335 -757.0266 765596.6 -34.7099999902
2884.0 2985.0 -906.65 -894.451 943229.0 -34.9365428622 7.42791 0.015924 0.00597249 -906.4043 -894.9307 711213.5 -34.6299999792
1562.0 1992.0 -257.7 -391.4657 920372.0 -34.9099084947 7.41455 0.0272063 -0.0245206 -257.1759 -391.4952 721107.5 -34.6450000313
3640.0 2626.0 -1284.6901 -722.2596 903190.0 -34.8894478012 7.91795 0.0836998 0.0187053 -1283.5877 -721.7322 660693.4 -34.5499999211
1972.0 479.0 -472.58 355.9504 897795.0 -34.882942956 7.59057 0.0172966 -0.0266942 -472.6375 356.2772 779830.1 -34.7299999853
1518.0 2285.0 -233.6628 -536.4835 847673.0 -34.8205708757 7.50435 0.0211753 -0.0268782 -233.0933 -536.7023 628058.4 -34.4950000712
2476.0 1294.0 -716.7224 -52.327 836030.0 -34.8055546547 7.58489 0.0302236 -0.0239435 -716.6286 -49.4734 827942.2 -34.7950000476
1335.0 2997.0 -137.4786 -888.2864 787496.0 -34.7406208913 7.64706 -0.00634784 -0.0285077 -136.8521 -888.8037 628058.4 -34.4950000712
308.0 2440.0 368.2637 -603.9155 761200.0 -34.703746949 8.52741 0.0631525 -0.0529479 366.91 -603.982 645654.2 -34.5249999512
375.0 1726.0 329.6588 -250.2129 758531.0 -34.6999333361 8.19117 0.0577836 -0.0265421 328.8773 -250.2753 613762.0 -34.4699999909
1648.0 3165.0 -291.6275 -974.0825 742816.0 -34.6772031243 7.77581 -0.000357934 -0.0204909 -290.9077 -975.0199 467735.1 -34.1749999042
2046.0 2309.0 -495.6364 -552.5208 720037.0 -34.6433870344 7.65446 0.025765 -0.0257995 -495.6079 -552.719 633869.7 -34.5049999807
1988.0 1715.0 -471.2812 -257.3742 705441.0 -34.6211517428 7.75764 0.00903791 -0.0263245 -469.4937 -253.4326 1096478.2 -35.1000000038
2050.0 1828.0 -501.2193 -313.9203 703541.0 -34.6182235293 7.68068 0.0386721 -0.0225753 -501.367 -313.3402 554625.7 -34.3599999746
660.0 3766.0 203.4108 -1264.5191 701518.0 -34.6150970473 9.3517 -0.0742943 -0.0858032 201.9805 -1263.0192 628058.4 -34.4950000712
826.0 1900.0 107.0375 -340.0652 691570.0 -34.5995903638 7.9176 0.0235263 -0.0252091 107.4979 -339.8819 532108.3 -34.3150000831
3335.0 2311.0 -1135.6125 -563.597 690737.0 -34.5982818001 7.88241 0.0345096 -0.00356107 -1135.2854 -563.1236 575439.9 -34.3999999296
1397.0 2260.0 -173.773 -523.134 661201.0 -34.5508337543 7.937 0.0220362 -0.0284002 -173.1774 -523.2464 496592.3 -34.2399999531
3943.0 550.0 -1450.6545 305.3069 607874.0 -34.4595339203 8.78989 0.0886611 -0.0439262 -1447.2042 303.7571 639734.8 -34.5149999398
2574.0 2200.0 -758.6046 -502.5748 597984.0 -34.4417239098 7.96075 0.0296541 -0.0177 -759.0385 -502.5996 552077.4 -34.3549999227
2254.0 2872.0 -594.6987 -833.4613 568458.0 -34.3867459569 8.16224 0.0171422 -0.0222338 -594.8058 -833.8358 332659.6 -33.8050001524
3342.0 403.0 -1153.3561 382.9376 559246.0 -34.3690072162 8.60846 0.0407762 -0.0374961 -1151.8293 381.9222 418793.6 -34.0550000904
2187.0 2361.0 -565.2543 -579.4219 547921.0 -34.3467948646 8.10097 0.00979324 -0.0214248 -565.067 -579.647 343557.9 -33.8399998486
717.0 1666.0 159.4064 -223.1214 526987.0 -34.3044997548 8.54358 0.0299931 -0.0201758 159.5999 -223.0953 501187.2 -34.2499999272
1223.0 1339.0 -94.2689 -64.8499 521299.0 -34.2927172296 8.39661 0.0130342 -0.0175423 -93.8325 -64.2512 564937.0 -34.3800000484
2204.0 2942.0 -569.3502 -867.7983 512031.0 -34.2732406384 8.28098 -0.000927818 -0.0107023 -568.9051 -868.2385 512861.4 -34.2750000339
2287.0 2626.0 -612.9229 -711.675 510771.0 -34.2705655785 8.27082 0.00862219 -0.0203792 -613.0152 -712.171 467735.1 -34.1749999042
446.0 677.0 286.5627 269.6574 491560.0 -34.2289413389 9.12883 0.0384734 -0.00537572 284.3453 268.5315 414954.0 -34.0449998884
1615.0 2379.0 -281.1206 -583.8772 477165.0 -34.1966714518 8.4484 0.010639 -0.0193358 -280.5885 -584.2483 492039.5 -34.2299999213
3771.0 281.0 -1367.2677 440.1076 450183.0 -34.1334727274 9.34514 0.0571923 -0.0382592 -1364.0023 437.5844 354813.4 -33.8750000329
1608.0 1996.0 -280.5091 -393.81 447356.0 -34.1266331663 8.62017 0.0111902 -0.0164704 -279.9283 -393.6482 496592.3 -34.2399999531
1541.0 2867.0 -240.7302 -825.4029 445013.0 -34.1209317451 8.71613 0.0126602 -0.0167684 -239.8236 -826.3232 420726.6 -34.0599999268
786.0 1286.0 122.3061 -35.1371 441353.0 -34.1119652074 9.02316 0.0359954 -0.0147661 121.952 -35.1427 331131.1 -33.7999999296
257.0 1670.0 387.8272 -221.5072 440331.0 -34.1094481539 9.26706 0.0519947 -0.0176826 386.7684 -221.9254 420726.6 -34.0599999268
1980.0 4008.0 -450.1622 -1394.9056 439761.0 -34.1080417788 9.62035 -0.0895582 -0.00478405 -449.5989 -1393.7391 465586.1 -34.1700000151
1847.0 1718.0 -401.252 -257.7595 439715.0 -34.1079282024 8.78976 0.0242438 -0.0181862 -401.1605 -257.2582 469894.1 -34.1799999801
3910.0 1184.0 -1429.5289 -8.9725 437486.0 -34.1024103993 9.21533 0.0783498 -0.0214232 -1427.6824 -8.8319 438530.7 -34.1050000055
2086.0 2716.0 -512.453 -754.753 435614.0 -34.0977545723 8.64505 0.00371362 -0.0160058 -512.13 -755.2133 467735.1 -34.1749999042
1807.0 1768.0 -381.018 -282.2524 433540.0 -34.0925729332 8.70707 0.013705 -0.0161934 -380.6203 -281.9643 200447.2 -33.2549999852
1483.0 1221.0 -224.2418 -8.3422 433275.0 -34.0919090773 8.82456 0.00513462 -0.0170392 -223.7601 -7.4612 463446.9 -34.1649999538
3559.0 2276.0 -1247.0907 -547.9853 423287.0 -34.0665873265 10.7718 0.225669 -0.00371617 -1242.8616 -547.596 625172.7 -34.4900000125
2846.0 100.0 -909.3569 537.141 409866.0 -34.0316047334 9.39247 0.00429999 -0.0415026 -908.1299 535.3333 522396.2 -34.2950000229
3413.0 1577.0 -1179.8285 -200.058 408379.0 -34.0276585034 9.07434 0.0317461 -0.0204416 -1179.6244 -199.2566 314774.8 -33.7449998917
3224.0 461.0 -1094.3351 355.086 402354.0 -34.0115208081 10.1779 0.069018 -0.0687139 -1093.3545 355.1336 394457.3 -33.9899999943
61.0 1834.0 486.368 -301.337 400379.0 -34.0061782263 9.7012 0.0590114 -0.0227732 484.3448 -301.8161 332659.6 -33.8050001524
3774.0 390.0 -1367.9421 386.0075 395224.0 -33.9921082732 9.58812 0.0491956 -0.0363805 -1364.7241 384.4435 354813.4 -33.8750000329
1694.0 1525.0 -326.7305 -160.8122 394000.0 -33.9887405546 8.44196 0.0334254 0.0291038 -327.6895 -161.5251 450816.7 -34.1349999891
3427.0 1062.0 -1190.6307 55.3322 393819.0 -33.9882416627 9.20434 0.0279324 -0.020288 -1189.93 55.6989 487528.5 -34.220000022
3097.0 1095.0 -1026.5383 41.542 393453.0 -33.9872321527 9.49751 0.0416152 0.00863468 -1026.1516 42.5865 279254.4 -33.6150000617
1541.0 699.0 -256.9425 250.1766 392157.0 -33.9836499289 9.18991 0.00337846 -0.0179303 -257.2261 250.945 405508.5 -34.0199999051
2204.0 2021.0 -576.2374 -410.8755 390897.0 -33.9801558435 8.97818 0.0146127 -0.0156838 -575.7987 -410.8198 210862.8 -33.3099999228
2251.0 2974.0 -592.4465 -884.0417 388831.0 -33.9744022057 8.98861 -0.00401341 -0.00459004 -592.2046 -884.9651 314774.8 -33.7449998917
1475.0 2201.0 -212.9414 -494.4733 388161.0 -33.9725297451 9.049 0.00402093 -0.0162801 -212.2366 -494.4901 381944.3 -33.9550000829
3223.0 3266.0 -1072.8628 -1036.5116 380943.0 -33.9521499941 9.50082 0.0126857 0.0251869 -1071.8845 -1036.0217 252348.1 -33.5050000979
1712.0 2844.0 -325.804 -815.33 368336.0 -33.9156104188 9.16506 0.0072016 -0.0161454 -325.2966 -815.205 340408.2 -33.8300000328
2449.0 309.0 -710.6827 436.5585 360588.0 -33.8925281744 9.56714 0.00695186 -0.0292042 -711.7103 437.1693 399944.7 -34.0049998649
4081.0 1524.0 -1511.8882 -178.9897 359017.0 -33.8877875339 9.83224 0.0674911 -0.0135734 -1509.223 -178.0314 242102.9 -33.459999979
1690.0 2124.0 -320.2651 -457.9544 357856.0 -33.884270758 9.39719 -0.00542716 -0.0108557 -319.4745 -457.524 387257.6 -33.9699998741
3720.0 1966.0 -1329.3457 -395.4488 357528.0 -33.8832751487 9.55199 0.0526759 -0.00300765 -1328.8618 -395.1388 204173.8 -33.2750000294
2544.0 1524.0 -748.7646 -166.9656 344921.0 -33.8442990914 9.18833 0.0171026 -0.0109869 -748.1886 -166.2048 430526.6 -34.0849999735
3838.0 3363.0 -1377.4862 -1089.446 338335.0 -33.8233673173 10.3712 0.0376179 0.0477289 -1374.1744 -1087.7039 183653.8 -33.159999797
3069.0 582.0 -1016.4724 296.2685 333467.0 -33.8076321561 9.68097 0.0174777 -0.0200181 -1015.9565 296.4626 396278.0 -33.9949999061
1279.0 1729.0 -119.1566 -258.7733 331463.0 -33.8010876419 9.59411 0.014185 -0.0109035 -117.1749 -258.2824 356451.1 -33.8799998982
2071.0 2487.0 -506.7179 -641.025 328859.0 -33.7925243296 9.11814 0.0243195 0.0016411 -506.5883 -641.0718 448745.4 -34.1300000244
3358.0 56.0 -1163.8949 554.9647 325339.0 -33.7808403186 10.0282 0.0204171 -0.0308486 -1161.4483 552.8378 156314.8 -32.9850002482
2399.0 248.0 -686.3138 467.2127 324945.0 -33.7795246469 9.91852 -0.0028584 -0.0283913 -685.6935 466.5081 242102.9 -33.459999979
915.0 1800.0 62.1011 -291.1499 318523.0 -33.7578519937 9.7463 0.0127598 -0.011634 64.7983 -292.1001 297851.6 -33.6849998435
1135.0 2736.0 -40.13 -757.2355 318380.0 -33.757364446 9.60946 0.0160055 -0.0158739 -39.2814 -757.6695 149279.4 -32.9349997021
2273.0 2152.0 -609.5164 -476.4064 315880.0 -33.7488053234 9.20929 0.0264685 0.00282072 -609.4852 -476.0496 222843.5 -33.3699999273
2327.0 2131.0 -636.4846 -466.4105 312484.0 -33.7370694631 9.60485 0.00676878 -0.0107042 -636.3188 -466.5777 219786.0 -33.3550000628
1575.0 3062.0 -256.153 -922.4115 309225.0 -33.7256864955 9.81357 8.42432e-05 -0.0148424 -255.2982 -923.1951 208929.6 -33.299999932
1174.0 1261.0 -70.5236 -25.7695 302506.0 -33.7018349825 9.9458 0.0168519 -0.00880993 -70.1421 -25.4703 242102.9 -33.459999979
154.0 2884.0 448.0452 -822.9863 299762.0 -33.6919414442 10.7251 0.0270314 -0.0398423 445.6377 -822.6478 205116.2 -33.2799999053
2350.0 3930.0 -634.4512 -1359.1031 297766.0 -33.6846877673 10.3175 -0.0255262 0.00950616 -633.61 -1358.3284 151356.1 -32.9499998218
1117.0 3637.0 -24.4553 -1204.0953 296569.0 -33.680314382 10.501 -0.0379373 -0.0295829 -24.5247 -1203.7393 353183.2 -33.8700000929
1421.0 1826.0 -188.9345 -308.0074 294521.0 -33.672790666 9.52369 0.028088 0.00606371 -188.398 -307.4377 383707.2 -33.9599998713
2329.0 1422.0 -642.7795 -114.6799 293416.0 -33.6687094807 9.51859 0.0307514 0.00649402 -642.9258 -113.7792 223872.1 -33.3749999328
2437.0 3502.0 -680.8475 -1147.446 289222.0 -33.6530783125 10.1655 -0.0138376 0.00287081 -679.9811 -1147.723 181970.1 -33.1500000844
1515.0 1348.0 -239.1802 -71.5993 286254.0 -33.6418789101 9.7625 0.0237523 -0.000417439 -238.3005 -71.1228 211836.1 -33.3149999307
1460.0 742.0 -216.4043 229.4773 283811.0 -33.6325730598 10.179 0.00720098 -0.00897384 -216.0432 229.9497 187068.2 -33.1799999185
1934.0 1479.0 -446.2349 -139.8684 281801.0 -33.6248563248 10.0721 0.00609941 -0.00725787 -445.8588 -139.2973 194088.6 -33.2200000685
3832.0 596.0 -1395.1988 283.3539 280962.0 -33.6216189643 10.378 0.0655474 -0.0187355 -1392.5128 281.9443 144544.0 -32.9000001722
725.0 3884.0 172.0206 -1323.5693 280819.0 -33.6210662212 11.1663 -0.047132 -0.0440291 170.3124 -1321.2863 121338.9 -32.7100001338
2260.0 390.0 -616.2381 397.8516 278193.0 -33.6108654948 9.60332 0.0298455 -0.00721554 -616.7498 398.0795 217771.0 -33.3450001135
758.0 4021.0 156.6605 -1391.7953 274438.0 -33.5961106142 11.172 -0.0598838 -0.0530207 154.8837 -1389.355 192309.2 -33.2100001531
3576.0 702.0 -1267.3016 232.7683 270860.0 -33.5818621853 10.3913 0.0384603 -0.0259446 -1264.4505 232.5659 254683.0 -33.5149998923
2452.0 1023.0 -706.8329 82.3082 266304.0 -33.5634442244 9.6994 0.0388915 0.000854332 -706.634 83.5103 155596.6 -32.9800002571
3635.0 2198.0 -1285.4081 -509.8828 263916.0 -33.5536643007 10.3586 0.0496438 -0.00113232 -1284.3188 -509.7813 173780.1 -33.100000107
3165.0 3525.0 -1042.1289 -1164.5519 261891.0 -33.5453014349 10.8412 -0.00300253 0.022015 -1040.5091 -1163.9759 126473.6 -32.7549997017
575.0 2176.0 233.7235 -475.0297 258725.0 -33.532095989 10.0113 0.051644 -0.00361079 233.3869 -475.0224 155596.6 -32.9800002571
3328.0 1651.0 -1137.0725 -236.1057 258136.0 -33.5296214402 9.8655 0.0521414 0.000721203 -1137.1393 -235.253 139315.7 -32.8600001536
24.0 2441.0 509.2777 -602.1899 255541.0 -33.5186514749 10.499 0.0644648 -0.0559384 506.5962 -601.8017 153461.7 -32.9650000122
689.0 3685.0 188.4065 -1224.5605 255487.0 -33.5184220168 11.349 -0.0163839 -0.033853 186.2422 -1222.9177 153461.7 -32.9650000122
224.0 904.0 398.4837 158.7758 253726.0 -33.5109124321 10.1202 0.0551609 -0.00333279 395.8754 157.7731 139958.7 -32.8649997498
944.0 3595.0 61.1255 -1181.905 251967.0 -33.5033591629 10.9522 -0.0226903 -0.0355842 61.2294 -1181.83 157036.3 -32.9900001353
27.0 2231.0 506.2178 -498.029 249990.0 -33.4948065914 10.5991 0.052776 -0.0399947 504.3041 -498.3611 152054.8 -32.9550003358
1208.0 1530.0 -85.3931 -159.4907 246806.0 -33.4808892836 9.60141 0.0437319 -0.028025 -84.336 -158.9608 143879.9 -32.8950003183
4052.0 2126.0 -1492.9879 -477.4247 245688.0 -33.4759598625 10.1967 0.0731154 0.000722507 -1490.6084 -476.6105 197697.0 -33.2400001976
1817.0 1293.0 -389.5351 -46.6755 245394.0 -33.4746598495 9.79716 0.0324616 -0.00964858 -388.893 -45.8957 124738.4 -32.7400004228
3454.0 40.0 -1211.6788 562.1515 240357.0 -33.4521419369 10.2363 0.0424074 -0.0235736 -1209.0088 559.4008 178648.8 -33.1300002584
3285.0 794.0 -1122.1315 189.4021 239418.0 -33.4478919964 9.90803 0.0500592 0.015205 -1122.6347 189.4472 162929.6 -33.0299999782
1632.0 4041.0 -277.1327 -1408.555 239186.0 -33.44683939 11.0235 -0.0778615 -0.0194566 -276.8836 -1406.9581 103276.1 -32.5349995734
1792.0 166.0 -385.5502 512.6428 235986.0 -33.4322155974 10.3866 -0.00774119 -0.0111409 -384.906 509.9354 183653.8 -33.159999797
2559.0 469.0 -764.1014 356.3194 234479.0 -33.4252598832 9.28741 0.0113709 0.00405891 -761.5537 355.5215 283139.2 -33.6300000016
1580.0 4040.0 -251.3221 -1407.6521 227163.0 -33.3908439888 10.8731 -0.046044 -0.0329964 -252.2928 -1406.9548 178648.8 -33.1300002584
2954.0 2408.0 -945.7199 -608.7396 222766.0 -33.3696222668 9.1713 0.0270044 0.00704382 -945.8561 -608.5476 104231.7 -32.5449995527
2772.0 3219.0 -849.2919 -1009.6659 221801.0 -33.3649087496 9.45654 0.0287364 0.0401004 -848.8662 -1009.8562 137404.2 -32.8450000197
2055.0 52.0 -516.9828 567.1426 218867.0 -33.3504507128 10.1579 -0.0453829 0.0167951 -516.6486 565.747 146554.8 -32.9150001178
3293.0 3438.0 -1106.3318 -1122.3911 218772.0 -33.3499793428 10.2908 0.0687112 0.0767848 -1104.7971 -1121.1097 118032.1 -32.6800003352
1512.0 200.0 -246.2754 497.9653 218626.0 -33.3492545224 9.65487 0.0377701 0.0292073 -247.0645 497.3963 120781.4 -32.7050001482
1329.0 2789.0 -136.055 -785.0474 217620.0 -33.3442470149 9.29764 -0.0164986 0.0126206 -135.3173 -785.6136 127057.4 -32.7599999101
1306.0 3364.0 -120.3357 -1070.1341 214975.0 -33.3309698941 9.94915 -0.0386503 -0.0224646 -119.9325 -1070.2426 127643.9 -32.7650001626
2913.0 2394.0 -925.468 -601.4733 210479.0 -33.3080219293 9.21414 0.0810725 0.0215598 -925.6954 -601.4384 133659.6 -32.8150003927
2958.0 64.0 -965.2343 554.125 207891.0 -33.2945892207 9.99014 0.0498453 -0.034889 -967.2904 554.1668 219786.0 -33.3550000628
3576.0 3255.0 -1248.2103 -1033.8158 206675.0 -33.2882198657 10.2745 0.0130629 0.0847148 -1246.4016 -1032.5511 127057.4 -32.7599999101
3493.0 1977.0 -1216.5575 -399.1303 206130.0 -33.2853530082 9.41647 0.0610058 0.0250893 -1216.8673 -398.0195 131220.0 -32.7950000836
903.0 1192.0 63.5125 10.5825 202092.0 -33.2638728048 9.65874 0.0231916 0.00747162 63.2655 10.5199 124738.4 -32.7400004228
3813.0 1379.0 -1379.91 -104.9563 201745.0 -33.2620069502 9.9501 0.108769 -0.0265127 -1378.4921 -104.8393 138038.4 -32.8499997919
3865.0 382.0 -1413.1836 389.2646 201530.0 -33.2608492622 10.096 0.106561 -0.0576987 -1409.5518 386.9937 139315.7 -32.8600001536
692.0 259.0 161.2974 475.1094 199556.0 -33.2501619753 9.88184 0.0616611 -0.00771112 159.2254 472.9648 131825.7 -32.8000002153
2897.0 1.0 -935.4188 585.8575 197132.0 -33.2368928202 7.94333 0.351115 -0.00269144 -933.9403 584.2021 163681.7 -33.0350003174
974.0 2519.0 38.1841 -648.3189 195548.0 -33.2281334462 8.85589 0.024416 -0.00176987 38.078 -648.0195 98627.9 -32.4849994654
857.0 1381.0 87.7649 -82.8236 194650.0 -33.2231360201 9.33724 0.0811305 0.0391741 87.79 -82.571 131220.0 -32.7950000836
3852.0 1542.0 -1398.0546 -186.1283 194566.0 -33.2226673763 9.80799 0.157856 -0.034025 -1396.0987 -185.8518 124165.2 -32.734999731
808.0 3755.0 129.8462 -1260.2196 194105.0 -33.2200918066 10.5149 -0.0640975 -0.0996489 129.0581 -1260.2632 156314.8 -32.9850002482
2651.0 245.0 -811.4547 466.7296 192597.0 -33.2116237951 9.31584 -0.0148222 -0.0559573 -811.5774 466.6429 245470.9 -33.4750000373
1969.0 1847.0 -460.8606 -322.7129 189815.0 -33.1958263232 8.93035 0.0446319 0.00106302 -460.7825 -322.4307 134896.3 -32.8250000945
507.0 3686.0 278.7774 -1223.6329 189051.0 -33.1914474473 10.9288 -0.0611362 -0.10836 276.828 -1221.728 110662.4 -32.6100002119
1889.0 392.0 -432.0209 399.7618 188956.0 -33.190901717 8.68817 0.0882581 0.0272406 -432.3894 399.996 139958.7 -32.8649997498
3073.0 3308.0 -998.0735 -1056.175 188491.0 -33.1882265463 9.5174 0.0704047 0.0838428 -997.0142 -1056.1437 118576.9 -32.6850002306
4066.0 1492.0 -1504.68 -162.9966 188099.0 -33.1859662167 9.66329 0.148354 -0.0311284 -1502.2888 -163.3262 124738.4 -32.7400004228
630.0 2205.0 206.6327 -489.8473 187302.0 -33.1813560369 9.40327 0.0280124 -0.0480026 206.7139 -490.3995 108143.4 -32.5850000489
2872.0 2404.0 -905.0367 -606.1137 185518.0 -33.1709651342 8.74597 0.0843364 -0.0168656 -905.7877 -606.6095 108143.4 -32.5850000489
286.0 3136.0 384.3914 -949.0402 184549.0 -33.1652792407 10.2319 -0.00707567 -0.0985311 383.0394 -948.6951 106659.6 -32.5699998766
1815.0 3753.0 -370.1462 -1267.1052 182551.0 -33.1534605408 9.6563 -0.147049 0.000708036 -369.6349 -1266.9028 114815.4 -32.6500003579
1851.0 919.0 -409.2129 138.6059 182284.0 -33.1518713752 8.90189 0.0874912 0.0198351 -409.1987 139.7005 149968.5 -32.9400001191
3032.0 1295.0 -992.7701 -57.1727 182223.0 -33.1515079808 8.27204 -0.0429621 -0.0457825 -993.2959 -56.6179 131825.7 -32.8000002153
2910.0 2799.0 -920.9499 -802.3768 181928.0 -33.149748863 9.01126 -0.00945334 0.0252472 -920.6698 -802.4268 121338.9 -32.7100001338
2744.0 3342.0 -834.47 -1070.4691 181217.0 -33.1454973412 9.15245 0.0343724 0.0543727 -833.6537 -1070.9401 86297.9 -32.340000569
3771.0 1994.0 -1354.4579 -409.7391 179804.0 -33.1369983725 9.2356 0.146572 0.00155267 -1353.3861 -409.1949 100461.6 -32.5050002267
1128.0 1460.0 -46.1964 -124.1368 178971.0 -33.1319566618 9.20887 0.0358043 -0.0381567 -45.602 -123.7296 127057.4 -32.7599999101
1688.0 21.0 -334.9983 585.3932 176653.0 -33.117802543 8.96669 -0.00614676 0.0175431 -335.3216 583.564 126473.6 -32.7549997017
2840.0 1015.0 -899.5355 83.2418 176437.0 -33.1164741619 8.77842 -0.0116263 -0.0418868 -899.4854 84.2056 113240.0 -32.6349996517
3079.0 1408.0 -1015.2606 -113.6015 176134.0 -33.1146079951 8.96384 0.0253504 -0.0184462 -1015.3481 -112.8488 108642.6 -32.5900003761
1102.0 3534.0 -17.778 -1152.878 175246.0 -33.1091202849 9.51916 -0.0972239 -0.0890204 -17.5439 -1152.8892 105196.2 -32.5550001302
1230.0 3350.0 -82.7062 -1062.594 174359.0 -33.1036109239 9.21588 -0.0211665 -0.0849799 -82.2994 -1062.8708 108143.4 -32.5850000489
1367.0 2541.0 -156.7767 -662.3079 173297.0 -33.0969776114 8.32248 0.0642462 0.0268867 -156.1455 -662.685 110153.9 -32.6049996949
1514.0 3457.0 -222.9126 -1117.9001 173090.0 -33.0956799448 8.84236 -0.0907538 -0.0712976 -222.305 -1118.3913 108642.6 -32.5900003761
334.0 2764.0 357.7775 -764.8605 172260.0 -33.0904611072 9.8491 0.032934 -0.0947749 356.357 -765.2502 78343.0 -32.2350004951
1521.0 1306.0 -242.4733 -50.8094 169999.0 -33.0761159167 9.0983 0.0944153 0.0403315 -242.6413 -50.5633 144544.0 -32.9000001722
1740.0 2571.0 -341.7476 -680.1094 167640.0 -33.0609441304 8.38431 0.0513055 -0.0382705 -341.035 -680.9176 110153.9 -32.6049996949
3990.0 3396.0 -1452.7077 -1107.0069 165844.0 -33.04924941 9.94672 0.0677649 0.135727 -1448.7621 -1104.4059 77268.1 -32.220000583
3749.0 1375.0 -1348.1638 -102.4712 165750.0 -33.0486338427 9.08965 0.193551 -0.0515071 -1346.7032 -102.1883 89536.5 -32.3800002843
3216.0 1033.0 -1086.0857 71.3702 164208.0 -33.0384857789 8.36451 0.0309198 -0.0454514 -1086.1705 71.856 125314.1 -32.7449998484
1729.0 11.0 -355.4297 590.0337 161910.0 -33.023184182 8.49092 0.0601127 0.0323135 -355.9559 588.6506 123026.9 -32.7250002023
1696.0 1710.0 -326.34 -252.6093 160687.0 -33.0149518566 8.45593 0.0972927 -0.0447755 -325.6353 -252.6248 108143.4 -32.5850000489
2690.0 3524.0 -806.2979 -1160.3398 159562.0 -33.0073236781 8.7356 -0.0500224 0.0601915 -805.2236 -1160.0989 99083.2 -32.4900000604
4085.0 459.0 -1521.8383 349.3426 159268.0 -33.0053213162 9.41108 0.156208 -0.0805277 -1521.2029 351.5347 21281.4 -30.8200004867
1569.0 2828.0 -254.9239 -806.2734 157195.0 -32.9910968201 8.207 0.093274 -0.0290336 -253.5125 -807.4548 80537.8 -32.2649994052
2724.0 2649.0 -829.7223 -726.5043 156419.0 -32.9857237627 7.99328 0.0746716 0.00743194 -829.2208 -726.8574 111173.2 -32.6150002663
2806.0 1342.0 -880.2091 -78.7222 156124.0 -32.9836741742 7.69189 0.00735522 -0.00761041 -880.7086 -77.4068 140604.8 -32.8700003675
2474.0 312.0 -723.0728 434.8746 155130.0 -32.9767394812 8.35835 0.0665507 -0.0378365 -721.6523 435.0059 158489.3 -32.9999998682
733.0 3834.0 167.6746 -1298.826 154698.0 -32.9737117475 9.52344 -0.152932 -0.0937166 166.6251 -1297.326 101391.1 -32.5149995869
3742.0 2871.0 -1333.5012 -844.6059 153954.0 -32.9684774428 8.36922 0.0706712 0.0591825 -1332.2875 -844.1443 118032.1 -32.6800003352
971.0 3986.0 50.6438 -1376.0976 153917.0 -32.9682164748 9.64315 -0.0773812 -0.113233 49.5394 -1373.4897 96827.8 -32.4650001612
2278.0 1005.0 -620.5762 92.5995 152736.0 -32.9598535317 7.78081 0.0437789 -0.0351605 -620.3815 93.698 99540.5 -32.4949995448
1033.0 125.0 -9.0118 538.9213 152323.0 -32.9569137114 8.72887 0.101761 0.0334951 -10.1831 537.0509 94189.0 -32.4350004651
226.0 1877.0 404.7667 -323.9607 151913.0 -32.9539873508 9.11881 0.197614 -0.0384143 403.3939 -324.2087 99083.2 -32.4900000604
231.0 3203.0 412.2 -981.8497 151887.0 -32.9538015105 9.89584 0.100935 -0.152946 409.7378 -981.0503 85901.4 -32.3350006048
474.0 3927.0 296.9641 -1342.9387 149969.0 -32.940003739 10.1174 -0.121207 -0.151897 296.9286 -1338.0709 186208.7 -33.1749999203
2758.0 817.0 -860.303 182.1142 149723.0 -32.9382213012 8.42405 0.0901082 -0.0368195 -859.3941 183.7829 219786.0 -33.3550000628
516.0 2404.0 264.7221 -587.6826 148737.0 -32.931047544 8.55622 0.0693495 -0.0817064 264.5304 -588.0362 87498.4 -32.3550002789
2809.0 586.0 -887.352 296.318 146632.0 -32.9155718955 7.89688 0.0440887 -0.0351393 -886.9085 297.0617 108642.6 -32.5900003761
1925.0 1561.0 -441.1532 -180.4795 146373.0 -32.9136524351 7.92337 0.0875664 -0.0195925 -440.7557 -179.9762 84333.5 -32.3150003119
1871.0 3304.0 -401.308 -1044.7872 146213.0 -32.9124649702 7.89361 -0.0425895 0.0308488 -400.7457 -1045.4286 99540.5 -32.4949995448
1793.0 660.0 -382.3526 267.5537 144856.0 -32.9023412215 7.9436 0.00734957 -0.00522082 -382.7814 267.0857 243220.4 -33.4649999959
3180.0 3765.0 -1047.7817 -1283.7371 144106.0 -32.8967051587 8.28164 0.0274288 0.09604 -1045.936 -1283.2093 120781.4 -32.7050001482
2172.0 1409.0 -564.9259 -107.0021 143780.0 -32.8942461982 7.97452 0.0901656 -0.0432964 -564.6705 -106.1063 106169.6 -32.5650004528
3790.0 1761.0 -1365.6338 -294.2927 141718.0 -32.8785625368 8.31682 0.269292 -0.0176857 -1364.3568 -293.9513 89536.5 -32.3800002843
171.0 429.0 421.2462 394.8455 140333.0 -32.8678995238 8.83642 0.171523 0.0578486 417.7556 391.979 65463.6 -32.0399997113
958.0 357.0 29.9607 424.4091 139235.0 -32.8593710479 9.08085 0.149007 -0.079387 30.1556 422.9907 118576.9 -32.6850002306
2446.0 3025.0 -688.883 -910.8691 139064.0 -32.8580367929 7.50293 0.0693089 0.0381206 -688.6052 -911.4655 95060.5 -32.4450002357
301.0 2006.0 368.4937 -388.5464 138325.0 -32.8522516972 8.23286 0.212718 -0.0764504 367.4165 -388.3919 75857.8 -32.2000006083
2078.0 2231.0 -512.1078 -514.0741 137444.0 -32.8453144646 7.58513 0.0157947 -0.0480288 -511.8028 -514.903 124165.2 -32.734999731
536.0 113.0 237.6599 548.7627 136607.0 -32.838682385 8.52336 0.079689 0.052156 234.6864 544.9977 89125.1 -32.3750000754
3915.0 3038.0 -1418.1472 -928.8107 133620.0 -32.8146786685 8.6927 0.270529 0.112502 -1415.352 -927.3409 85901.4 -32.3350006048
830.0 3581.0 117.622 -1174.0675 133351.0 -32.812490692 8.56033 -0.0645539 -0.155725 117.1 -1173.5025 60534.1 -31.9550002246
80.0 2856.0 484.577 -808.5161 133165.0 -32.8109752336 9.02475 0.113649 -0.174395 482.0955 -808.316 73790.4 -32.1699996614
4027.0 468.0 -1492.9739 345.3312 133089.0 -32.8103554047 7.6702 0.101991 -0.0571494 -1489.1804 343.2778 104712.9 -32.5500004686
1125.0 2027.0 -40.4669 -405.4111 131852.0 -32.8002168045 7.47474 0.091119 -0.0108473 -39.7459 -405.5695 87902.3 -32.3600005968
1183.0 3647.0 -57.1496 -1209.5727 131740.0 -32.7992941478 8.14275 -0.121487 -0.0906389 -57.1731 -1208.9499 82413.8 -32.2899998485
100.0 2145.0 469.3301 -455.9341 130900.0 -32.7923491164 8.39103 0.19533 -0.0881997 467.2068 -456.3623 66374.3 -32.0549998848
2364.0 2554.0 -651.6919 -676.557 130515.0 -32.7891510693 7.03902 0.0672702 -0.00365777 -651.3429 -677.3128 76913.0 -32.2149993785
1819.0 328.0 -397.7444 432.0608 129768.0 -32.7829190282 7.43926 0.0269922 -0.0179575 -397.8203 431.9529 99540.5 -32.4949995448
1526.0 329.0 -252.2618 433.8568 129323.0 -32.7791894268 7.32913 0.0690397 -0.018712 -252.9092 433.7256 92045.0 -32.4100005051
504.0 1612.0 264.7575 -194.6648 128709.0 -32.7740222902 7.71088 0.209061 -0.0335827 264.3823 -195.006 74131.0 -32.1749996466
2435.0 279.0 -703.956 451.5515 128488.0 -32.7721564227 7.21037 0.0604294 -0.0482151 -703.7228 450.8721 121338.9 -32.7100001338
3708.0 3269.0 -1313.6439 -1041.7941 128030.0 -32.7682793637 8.08989 0.00634611 0.102657 -1311.371 -1040.3121 79067.9 -32.2450005108
1843.0 3374.0 -386.8824 -1079.2963 126165.0 -32.7523472301 7.1863 -0.0504457 -0.0177311 -385.7114 -1079.9757 75857.8 -32.2000006083
2575.0 3626.0 -748.4375 -1210.044 125305.0 -32.7449210021 7.75396 -0.0901213 0.0599302 -747.7828 -1209.677 79067.9 -32.2450005108
1350.0 2504.0 -148.6128 -643.8186 124381.0 -32.7368851103 7.19107 0.0259813 -0.0177732 -147.9203 -644.3945 83176.4 -32.3000002988
3176.0 3444.0 -1048.1962 -1124.4525 123834.0 -32.7320997536 7.73504 0.0145803 0.121983 -1046.8752 -1123.649 68865.2 -32.0949995328
2298.0 2919.0 -616.1933 -857.123 123789.0 -32.7317051365 7.19163 0.0663758 -0.00128394 -616.5019 -857.7623 95499.3 -32.4500004707
2565.0 147.0 -769.4884 516.0218 123759.0 -32.7314419788 7.23207 -0.0213234 -0.0457403 -768.8673 514.7792 95060.5 -32.4450002357
2742.0 1632.0 -846.2644 -222.0951 123106.0 -32.7256980508 6.92198 0.0717025 -0.0336519 -846.5101 -221.243 89125.1 -32.3750000754
2794.0 2447.0 -865.9879 -626.8365 122167.0 -32.7173847731 6.89056 0.0763391 -0.02128 -866.446 -626.7325 90364.9 -32.3899994308
1791.0 2933.0 -364.3621 -860.1023 122144.0 -32.7171803457 6.86839 0.0975132 -0.0616278 -363.8714 -860.9516 85901.4 -32.3350006048
2808.0 1656.0 -878.8541 -234.5182 122035.0 -32.7162110137 6.91977 0.0384299 -0.014354 -879.1095 -233.8266 91201.1 -32.4000001912
610.0 82.0 200.687 563.5634 121823.0 -32.7143232255 7.58788 0.0462326 0.0520396 197.7614 561.9115 93325.4 -32.4249996501
1619.0 3819.0 -272.3383 -1298.3155 121461.0 -32.711092131 7.88922 -0.231644 -0.0470488 -271.7378 -1297.7173 83946.0 -32.3100000174
3238.0 2974.0 -1082.4939 -891.7631 119556.0 -32.6939284409 7.09837 0.0833849 0.0830656 -1081.8781 -891.8163 86297.9 -32.340000569
1547.0 3118.0 -241.8322 -949.975 119104.0 -32.6898158678 6.97703 -0.0449767 -0.0568943 -240.7735 -950.7833 88308.0 -32.3650001224
3546.0 3538.0 -1231.199 -1173.982 118097.0 -32.6805971636 8.15368 0.0355176 0.182615 -1228.6722 -1172.0112 86696.2 -32.3450001556
2748.0 3680.0 -833.9285 -1238.1876 116936.0 -32.6698705849 7.4496 -0.042022 0.0925383 -833.1661 -1237.9604 72110.7 -32.1449992785
1210.0 1448.0 -86.9993 -118.8249 116739.0 -32.6680399219 6.85087 0.116872 -0.0380897 -86.4372 -117.9409 91622.0 -32.4049994192
1311.0 3229.0 -123.8277 -1003.1976 116447.0 -32.6653207609 6.91867 -0.0838444 -0.0802719 -123.4374 -1003.7629 84333.5 -32.3150003119
2578.0 1135.0 -768.5546 25.7575 115337.0 -32.6549216273 6.66131 0.0387788 -0.0667774 -768.2494 26.0083 93756.2 -32.429999992
824.0 3684.0 121.3713 -1225.1205 115166.0 -32.6533107074 8.08709 -0.14218 -0.187851 120.5577 -1224.3927 76559.7 -32.2100005575
3575.0 1471.0 -1261.0545 -148.7371 114408.0 -32.6461409841 6.99727 0.190284 -0.0628852 -1259.999 -148.7739 102329.3 -32.5250000082
3346.0 2562.0 -1139.1971 -688.2082 112937.0 -32.632090618 6.77977 0.115935 0.013334 -1138.6671 -687.9862 95940.1 -32.455000417
1338.0 3556.0 -134.7879 -1165.6388 112764.0 -32.6304261823 7.24476 -0.148323 -0.0952952 -134.4065 -1165.8235 59429.2 -31.9349997102
384.0 2712.0 332.5635 -739.4536 111885.0 -32.6219296655 7.23008 -0.0150325 -0.134238 331.1955 -739.4759 71449.6 -32.1349995045
2091.0 4033.0 -505.0869 -1408.1768 111569.0 -32.6188588512 7.39463 -0.318687 0.0163299 -504.6145 -1406.8121 71779.4 -32.1399995594
3547.0 3570.0 -1231.4562 -1189.8655 110379.0 -32.6072161379 7.68841 0.0232861 0.166312 -1229.249 -1188.1317 68548.8 -32.0899996413
3637.0 3650.0 -1275.5431 -1230.2589 110113.0 -32.6045964876 7.49817 0.0394949 0.160303 -1272.9111 -1228.0088 78704.6 -32.2400002901
2102.0 2147.0 -524.652 -472.5881 109155.0 -32.5951090849 6.42247 0.0939363 -0.0293739 -523.8708 -472.856 91622.0 -32.4049994192
993.0 998.0 17.3765 106.1249 108942.0 -32.5929883599 6.67825 0.102562 -0.0518364 17.4335 106.4508 89125.1 -32.3750000754
2545.0 475.0 -757.1055 353.4522 108636.0 -32.589934416 6.46337 0.0210613 -0.0537691 -761.5537 355.5215 283139.2 -33.6300000016
1869.0 857.0 -418.6136 169.2243 108259.0 -32.5861600279 6.45994 0.0310969 -0.0418502 -418.8078 170.1486 82413.8 -32.2899998485
3400.0 519.0 -1181.2857 324.9344 107664.0 -32.5801762774 6.84067 0.154795 -0.0921683 -1179.9026 324.4461 84333.5 -32.3150003119
3325.0 2056.0 -1132.5544 -437.0092 107204.0 -32.5755274752 6.60653 0.134264 0.0207778 -1133.4459 -436.6019 100461.6 -32.5050002267
968.0 3705.0 50.032 -1236.6655 106990.0 -32.5733579688 6.4647 0.125688 -0.0285307 49.2446 -1234.1697 83176.4 -32.3000002988
3285.0 3586.0 -1101.253 -1195.7537 105424.0 -32.5573487255 7.09696 0.0688898 0.15445 -1099.575 -1194.7572 66988.5 -32.0650006331
2928.0 174.0 -949.5167 499.7869 105051.0 -32.5535004772 6.55011 -0.0132969 -0.0917305 -947.8264 498.2255 86297.9 -32.340000569
2242.0 4059.0 -579.8643 -1422.2571 104222.0 -32.5448985073 7.02017 -0.226503 0.0374858 -579.417 -1420.9022 65463.6 -32.0399997113
3325.0 3641.0 -1120.7018 -1223.353 103832.0 -32.5408280486 6.81763 -0.0593338 0.128337 -1119.151 -1221.8281 61376.2 -31.9699999909
3012.0 734.0 -987.0352 221.3048 103701.0 -32.5394573609 6.42028 0.0401755 -0.0628134 -987.2692 221.8561 120781.4 -32.7050001482
166.0 1918.0 434.8635 -343.8321 102758.0 -32.5295391073 7.03577 0.269305 -0.110227 433.3762 -344.1548 76913.0 -32.2149993785
2776.0 1573.0 -863.5867 -193.0903 102699.0 -32.528915537 6.10219 -0.0552799 -0.0357851 -863.8147 -192.3501 80167.8 -32.2599999142
1917.0 2040.0 -433.5992 -418.0564 101989.0 -32.5213833339 6.12916 0.0684056 -0.0217383 -433.4417 -419.7248 202301.9 -33.2649999041
2748.0 1678.0 -848.8994 -244.9634 101907.0 -32.5205100419 6.16714 0.029446 -0.0294305 -849.3363 -244.1542 86297.9 -32.340000569
584.0 1046.0 220.8048 85.511 101579.0 -32.5170098327 6.40182 0.125331 -0.0129976 219.7579 85.0692 76913.0 -32.2149993785
3615.0 2381.0 -1274.1096 -600.5156 101142.0 -32.512328843 6.33324 0.242744 0.0218155 -1273.4287 -600.0051 72443.6 -32.1500000598
1321.0 1854.0 -139.0749 -321.1163 101113.0 -32.51201749 6.08657 0.0712594 -0.0825285 -138.333 -321.5937 80167.8 -32.2599999142
3578.0 340.0 -1271.0016 412.3467 101056.0 -32.51140526 6.68326 0.126685 -0.13506 -1268.3703 410.9346 80537.8 -32.2649994052
2610.0 1473.0 -781.9151 -142.1801 100858.0 -32.5092758798 5.96397 0.0568595 -0.045504 -782.2266 -141.1774 72110.7 -32.1449992785
3522.0 635.0 -1240.9915 266.4305 100599.0 -32.5064841591 6.7928 0.112355 -0.146074 -1240.1384 266.0107 95499.3 -32.4500004707
3110.0 2671.0 -1021.2075 -740.4386 100299.0 -32.5032415076 6.04327 0.158261 0.00561006 -1021.1233 -740.5543 79432.8 -32.2499996792
1385.0 1488.0 -173.588 -140.0385 100202.0 -32.502190975 6.25662 0.100772 -0.0593762 -172.9612 -139.6063 69502.4 -32.1049995039
735.0 2813.0 159.0466 -792.3073 98940.0 -32.4884297651 6.33611 0.0218327 -0.100867 159.1573 -792.9453 68865.2 -32.0949995328
2465.0 3142.0 -697.4416 -969.0633 97918.0 -32.4771563358 6.61506 -0.0320507 -0.13517 -697.8354 -968.3087 104712.9 -32.5500004686
2610.0 2498.0 -774.2502 -650.699 97814.0 -32.4760025482 5.79493 0.0926721 0.00810045 -774.2027 -650.6856 74817.0 -32.1850007249
4048.0 3258.0 -1482.5368 -1038.9967 96780.0 -32.4644640444 6.41855 0.386567 0.0243091 -1478.6077 -1037.2568 109144.0 -32.5949996653
345.0 528.0 335.5952 344.3688 96717.0 -32.4637570424 6.42857 0.178337 0.0395409 333.1614 342.7942 60534.1 -31.9550002246
216.0 2495.0 414.3532 -630.4822 96325.0 -32.4593475442 6.79528 0.0927086 -0.179362 413.3503 -630.9708 70469.3 -32.1199998937
3344.0 1222.0 -1148.2246 -23.3971 96244.0 -32.4584341611 6.08825 0.0983599 -0.0378487 -1147.8339 -22.9677 79432.8 -32.2499996792
1745.0 1557.0 -351.8128 -177.0869 95860.0 -32.4540935616 5.90508 0.111905 0.0125139 -351.7159 -176.4491 76559.7 -32.2100005575
1646.0 2369.0 -296.5869 -579.1586 94908.0 -32.443257054 5.64397 -0.0185345 -0.0301278 -295.1626 -580.4404 95940.1 -32.455000417
3856.0 861.0 -1405.1332 151.6954 94739.0 -32.4413219908 6.45794 0.303098 -0.0833616 -1402.5461 151.4466 68548.8 -32.0899996413
3453.0 568.0 -1207.2339 300.2101 94714.0 -32.4410354457 6.14671 0.19271 -0.10843 -1205.3956 299.2814 93756.2 -32.429999992
634.0 2811.0 209.1784 -790.5249 94338.0 -32.436716662 6.18688 -0.0291851 -0.107254 209.2097 -790.8698 66988.5 -32.0650006331
784.0 2487.0 132.2802 -630.9568 94172.0 -32.4348044849 5.96608 0.0342015 -0.065457 132.4111 -631.4034 66680.7 -32.0600003758
1225.0 528.0 -101.3266 337.4845 94055.0 -32.4334547194 5.87786 0.00220003 -0.0491068 -101.8224 337.1784 72443.6 -32.1500000598
1845.0 3549.0 -386.5668 -1166.1322 93693.0 -32.4292678626 5.91548 -0.0076914 -0.0501454 -385.7146 -1166.4357 74131.0 -32.1749996466
1863.0 1635.0 -409.8167 -216.707 92884.0 -32.4198522745 5.70482 -0.0348586 -0.0367788 -409.7848 -216.1098 63095.7 -31.9999994072
3807.0 3805.0 -1358.7894 -1308.4868 92238.0 -32.4122746939 7.00848 0.0381314 0.182103 -1354.9413 -1305.2026 70469.3 -32.1199998937
3563.0 2708.0 -1245.8462 -762.3387 91412.0 -32.4025080274 5.95051 0.225878 0.035633 -1244.6896 -761.8884 61094.2 -31.9649999557
2192.0 1606.0 -573.3827 -204.8934 89651.0 -32.3813878455 5.59764 -0.0549814 -0.0443444 -572.9715 -203.9387 68233.9 -32.0850004867
298.0 1120.0 363.3578 51.0358 88909.0 -32.3723643139 5.94324 0.119495 -0.0154842 362.0319 50.4093 70794.6 -32.1250003307
1187.0 1599.0 -74.4506 -193.5585 88778.0 -32.3707633924 5.95648 0.0752834 0.0240488 -73.5193 -193.1504 80167.8 -32.2599999142
4011.0 1048.0 -1480.6926 57.7091 88475.0 -32.3670514283 6.20436 0.269709 -0.0933771 -1477.7905 56.5234 61659.5 -31.9749999967
3267.0 2233.0 -1102.4337 -524.368 88382.0 -32.3659095625 5.4434 0.0667038 -0.027764 -1102.6772 -524.4456 83946.0 -32.3100000174
487.0 1394.0 271.5678 -86.3785 88305.0 -32.3649632372 5.74066 0.19365 -0.0400242 270.6947 -86.7968 67920.4 -32.0800005873
2839.0 1540.0 -895.1131 -177.2113 87862.0 -32.3595027122 5.50433 0.0624548 -0.00588703 -895.3921 -176.2735 73113.9 -32.159999876
674.0 650.0 173.1583 281.2689 87112.0 -32.350194962 5.74217 0.107527 -0.00277786 172.029 280.6938 82413.8 -32.2899998485
3706.0 2968.0 -1314.9017 -892.4475 86625.0 -32.344108119 6.07001 0.158215 0.130778 -1313.0698 -891.4421 70794.6 -32.1250003307
2931.0 1223.0 -943.1618 -20.6623 86613.0 -32.3439577036 5.49 0.0297814 -0.0589121 -943.1529 -20.0342 73451.4 -32.1650001949
2554.0 3936.0 -735.6927 -1363.6757 86192.0 -32.3386673955 6.146 -0.278854 0.110727 -733.2372 -1361.642 70794.6 -32.1250003307
1618.0 3676.0 -272.9111 -1227.3631 85760.0 -32.3332119309 5.85042 -0.204147 -0.0607459 -272.2248 -1227.1074 58076.4 -31.9099992194
994.0 3642.0 36.6519 -1205.6136 85540.0 -32.3304231148 6.41385 -0.16121 -0.192226 37.1725 -1203.6294 93756.2 -32.429999992
1037.0 3736.0 16.0052 -1252.5849 84256.0 -32.3140020936 6.42996 -0.271872 -0.184298 15.771 -1251.7992 62517.3 -31.9900005336
2931.0 1418.0 -941.7036 -117.4049 84025.0 -32.3110213029 5.7259 -0.0253841 -0.108548 -941.9345 -116.884 66374.3 -32.0549998848
378.0 258.0 317.1916 478.062 83975.0 -32.3103750313 5.58734 0.145628 0.000185106 313.9633 474.8672 60813.5 -31.9599999977
939.0 2464.0 55.1504 -620.7587 83610.0 -32.3056455586 5.92289 -0.0318269 -0.156143 55.7952 -621.6099 57279.6 -31.8949999413
672.0 2057.0 184.6729 -416.7507 83525.0 -32.3045412108 5.98951 0.151748 -0.160674 185.0035 -416.6674 67297.7 -32.0700005545
1154.0 3269.0 -45.5778 -1021.814 83314.0 -32.3017949649 5.50508 -0.14112 -0.0869783 -45.1342 -1022.1396 61094.2 -31.9649999557
105.0 1022.0 458.4498 101.165 83149.0 -32.2996425762 5.6378 0.182851 -0.00249531 455.8695 99.7807 62805.8 -31.9949993797
3282.0 3976.0 -1096.8471 -1389.2155 83079.0 -32.298728151 6.69075 -0.228244 0.210759 -1094.5168 -1386.2854 60813.5 -31.9599999977
1343.0 1750.0 -150.7757 -269.6924 82932.0 -32.2968053475 5.26087 0.0229241 -0.0724532 -150.1165 -269.3146 56754.5 -31.8850007549
1269.0 1657.0 -114.73 -222.9747 82744.0 -32.2943412792 5.26973 0.180195 -0.0437596 -114.1622 -222.7823 64268.8 -32.0200004776
3586.0 2744.0 -1256.9966 -780.3788 81998.0 -32.2845081493 5.52759 0.199505 0.0200449 -1255.9681 -779.9254 65463.6 -32.0399997113
1247.0 2629.0 -96.5384 -705.0273 81598.0 -32.2791987854 4.73725 -0.0224889 -0.047845 -94.8475 -706.2613 62517.3 -31.9900005336
1196.0 1766.0 -77.6703 -276.4802 81574.0 -32.2788793964 5.24091 0.0958262 -0.0448307 -76.9488 -276.0905 60534.1 -31.9550002246
2142.0 477.0 -557.0003 355.6127 81048.0 -32.2718557559 5.24264 0.0317875 -0.0417469 -556.9936 356.3963 69823.2 -32.1099993717
3400.0 2266.0 -1168.2217 -541.7803 80747.0 -32.2678159898 5.26299 0.181316 -0.0511448 -1167.8072 -542.0518 66988.5 -32.0650006331
924.0 2925.0 66.0453 -849.3508 80713.0 -32.2673587245 5.29535 0.0703047 -0.0843649 66.4018 -849.5902 79067.9 -32.2450005108
2873.0 1635.0 -911.2837 -224.6083 80436.0 -32.2636261636 4.9628 0.0053369 -0.0374973 -911.6985 -223.8908 72110.7 -32.1449992785
3299.0 156.0 -1133.8535 505.8146 80264.0 -32.2613019981 5.4949 0.171828 -0.14938 -1132.6471 504.1033 76559.7 -32.2100005575
2899.0 3963.0 -906.784 -1379.7698 79385.0 -32.2493461228 6.01675 -0.265311 0.151401 -905.4092 -1377.7618 57279.6 -31.8949999413
2796.0 2307.0 -868.0279 -557.3959 78884.0 -32.2424723111 5.07182 0.148931 -0.0214682 -868.0472 -557.743 71779.4 -32.1399995594
1586.0 3280.0 -259.9844 -1030.6509 77475.0 -32.2229039623 4.86145 0.0161454 -0.0638879 -259.1532 -1031.0556 74131.0 -32.1749996466
449.0 2538.0 298.9897 -653.638 77401.0 -32.2218664292 5.33495 0.0389378 -0.147381 298.2138 -653.9408 58884.4 -31.9250006355
868.0 2714.0 92.2715 -744.2322 77236.0 -32.2195494347 5.37733 0.0475238 -0.122879 92.7947 -744.4312 59429.2 -31.9349997102
308.0 2697.0 370.1855 -731.4174 76296.0 -32.2062544241 5.44328 0.130758 -0.165084 368.8665 -730.9724 57544.0 -31.9000001182
3078.0 3365.0 -1000.1297 -1084.4927 76203.0 -32.204930173 5.2534 -0.0361108 0.0527069 -999.2777 -1084.0649 56754.5 -31.8850007549
2573.0 1301.0 -764.8308 -56.5586 75903.0 -32.2006473534 4.9963 0.0889862 -0.0612644 -765.4732 -54.4909 106659.6 -32.5699998766
1024.0 2165.0 10.7118 -473.085 75853.0 -32.1999319047 4.9114 -0.0633505 -0.00408766 11.1313 -472.7691 52966.3 -31.8099990901
3211.0 920.0 -1084.4482 127.4704 75716.0 -32.1979691564 4.91839 0.0246157 -0.0626833 -1083.9609 128.1574 72443.6 -32.1500000598
2961.0 2377.0 -949.4272 -593.4148 75660.0 -32.1971658424 4.94045 0.0528594 -0.0952172 -949.7129 -593.5693 64268.8 -32.0200004776
2202.0 3412.0 -564.8425 -1100.9572 75324.0 -32.1923334367 4.97858 -0.139658 -0.0196621 -564.3039 -1101.3275 56234.1 -31.8749993721
1787.0 177.0 -382.9855 507.2247 75251.0 -32.191280689 4.93148 0.0259126 -0.0628185 -384.906 509.9354 183653.8 -33.159999797
3552.0 2233.0 -1243.9368 -526.5975 75222.0 -32.1908621906 5.04927 0.247372 -0.0181263 -1243.282 -527.0061 68233.9 -32.0850004867
1778.0 309.0 -377.5299 441.8078 75167.0 -32.1900680435 5.02654 0.0813601 -0.0856785 -377.0108 441.1068 71779.4 -32.1399995594
414.0 1860.0 311.2972 -316.9975 73769.0 -32.1696847407 5.10532 0.0633742 0.033841 311.1571 -317.3826 57544.0 -31.9000001182
100.0 1319.0 463.1533 -46.1423 73549.0 -32.1664419307 5.1968 0.236425 -0.037358 460.8025 -47.0905 57809.6 -31.904999911
1056.0 1989.0 -6.4924 -386.0189 73528.0 -32.1661318827 4.84884 0.0603308 -0.0679443 -5.7712 -386.1491 64863.4 -32.0299992743
2321.0 356.0 -646.779 414.2424 73513.0 -32.1659103657 4.73904 0.00312973 0.00989519 -646.8514 414.5804 62805.8 -31.9949993797
2465.0 3136.0 -697.4865 -966.0866 73468.0 -32.1652455433 6.95946 -0.128599 -0.263444 -697.8354 -968.3087 104712.9 -32.5500004686
1392.0 3782.0 -159.909 -1278.1834 73405.0 -32.1643141075 5.78202 0.358239 -0.145531 -159.2103 -1275.7254 77268.1 -32.220000583
1159.0 2959.0 -50.3784 -868.0572 73105.0 -32.1598677036 4.80152 -0.0197929 -0.0765182 -49.4644 -868.8997 59429.2 -31.9349997102
647.0 2425.0 199.8373 -599.1258 73075.0 -32.1594220601 4.80519 -0.00511713 -0.0920227 199.819 -599.3989 64565.4 -32.0249996149
2734.0 2301.0 -837.2896 -553.9342 73001.0 -32.1583220233 4.75659 0.0877251 -0.0339671 -837.8569 -553.7804 64863.4 -32.0299992743
3851.0 3695.0 -1381.458 -1254.2582 72508.0 -32.1509648152 5.50267 -0.0630586 0.182486 -1377.9102 -1251.1277 57016.4 -31.8899994815
644.0 578.0 187.515 317.2239 71763.0 -32.1397514645 4.84411 0.0797627 -0.0202273 185.9848 316.2426 59156.2 -31.9300006714
3582.0 316.0 -1273.1671 424.2221 71458.0 -32.135127142 4.97131 0.104892 -0.119059 -1270.1486 422.0036 72443.6 -32.1500000598
1039.0 1915.0 1.3948 -349.1733 71268.0 -32.1322364283 4.6194 0.0405764 -0.0479146 2.9837 -349.4291 57279.6 -31.8949999413
2517.0 1769.0 -733.527 -288.3028 71100.0 -32.1296740018 4.99085 0.118953 -0.101661 -733.9467 -287.79 56754.5 -31.8850007549
1904.0 2107.0 -426.6437 -451.1945 71035.0 -32.128680962 4.6996 0.0548794 -0.0741305 -426.6203 -451.2534 67920.4 -32.0800005873
3284.0 1141.0 -1119.0402 17.2577 70880.0 -32.1263092722 4.55659 0.00410012 -0.0582364 -1119.2883 18.3781 66988.5 -32.0650006331
283.0 1598.0 374.3798 -185.9903 70393.0 -32.1188236858 4.89099 0.169354 -0.0384843 372.846 -183.7628 110153.9 -32.6049996949
2543.0 3024.0 -737.0511 -911.1318 70142.0 -32.1149453625 4.58429 -0.00657033 -0.00118497 -736.2376 -911.2321 66988.5 -32.0650006331
1669.0 2231.0 -309.0384 -510.8745 70024.0 -32.1131172886 4.44344 0.0500473 -0.0742489 -308.4932 -511.0823 59979.1 -31.944999862
1145.0 2920.0 -43.7191 -848.5991 69925.0 -32.1115811876 4.6182 -0.0032561 -0.055338 -43.3776 -849.0096 58884.4 -31.9250006355
3488.0 2876.0 -1207.3523 -845.0994 69505.0 -32.1050401192 4.60271 0.00468607 0.0544343 -1205.7178 -844.4355 57809.6 -31.904999911
289.0 2372.0 377.1887 -570.031 68729.0 -32.0928500625 5.65189 0.111675 -0.20164 376.2171 -571.8837 58884.4 -31.9250006355
2843.0 1973.0 -893.8611 -392.0608 68512.0 -32.089416614 4.48143 0.0960509 -0.0115145 -893.3874 -392.4933 71449.6 -32.1349995045
2953.0 3483.0 -937.1846 -1142.0565 68434.0 -32.0881798136 4.86707 -0.164293 0.0887164 -936.4258 -1142.1151 50350.1 -31.7550008436
3209.0 1174.0 -1081.5558 1.4726 68182.0 -32.0841743409 4.47563 0.0525406 -0.074197 -1080.9794 2.0784 80537.8 -32.2649994052
960.0 1305.0 36.0569 -45.9245 68155.0 -32.0837443053 4.65515 0.058641 -0.0300173 36.0992 -45.3594 66374.3 -32.0549998848
2829.0 917.0 -894.8068 131.9472 67973.0 -32.080841095 4.5697 0.0388862 -0.0291821 -894.4021 134.0979 73113.9 -32.159999876
2408.0 890.0 -685.9814 148.6358 67964.0 -32.080697328 4.47769 0.0485699 -0.0740431 -685.6192 149.0375 48977.9 -31.7250004004
2520.0 987.0 -740.8643 99.6364 67912.0 -32.0798663014 4.49947 0.0245322 -0.0393466 -740.9613 100.8584 71449.6 -32.1349995045
751.0 834.0 136.3036 189.3811 67791.0 -32.0779301008 4.57822 0.0395512 -0.0793732 135.6087 189.2365 66069.3 -32.0499992638
1734.0 488.0 -354.3452 353.3472 67087.0 -32.0665959288 4.58606 -0.00974142 -0.0375125 -354.244 353.4008 70145.5 -32.1149995381
1381.0 2213.0 -166.1805 -499.6914 66543.0 -32.0577559414 4.41419 0.042274 -0.0867601 -165.2706 -499.3158 60813.5 -31.9599999977
930.0 163.0 42.4121 520.8746 66012.0 -32.0490572275 4.62285 -0.158669 -0.0180039 40.4286 519.0605 58344.5 -31.914999806
1424.0 2754.0 -183.4845 -768.4265 65907.0 -32.0473288589 4.3312 -0.00327989 -0.0609835 -182.6954 -769.3873 61376.2 -31.9699999909
1938.0 1356.0 -449.1407 -78.8774 65885.0 -32.0469663757 4.33146 0.0306627 -0.0476038 -448.9666 -78.0979 71449.6 -32.1349995045
3072.0 2293.0 -1005.1671 -552.6094 65801.0 -32.0455812345 4.32944 0.014369 -0.0503372 -1005.6296 -552.5458 52480.7 -31.7999990478
1494.0 2520.0 -219.9895 -652.883 65665.0 -32.0433348715 4.33125 0.0570887 -0.0606868 -219.412 -653.5409 54450.3 -31.8400006922
1610.0 1120.0 -288.0529 40.772 65434.0 -32.0395086742 4.43035 0.00872803 -0.0575706 -287.9285 42.2609 66069.3 -32.0499992638
1074.0 363.0 -27.5886 420.5249 65328.0 -32.0377484064 4.44857 -0.0751105 -0.0803558 -28.4257 418.9907 68233.9 -32.0850004867
1770.0 1422.0 -365.2348 -110.3068 64866.0 -32.0300427943 4.36385 0.0720205 -0.0483065 -365.9756 -111.1215 72110.7 -32.1449992785
3027.0 368.0 -997.2197 402.7659 64338.0 -32.0211688909 4.36325 0.0671385 -0.0629288 -996.6104 402.4124 57544.0 -31.9000001182
3141.0 7.0 -1056.5204 580.972 64288.0 -32.0203247877 4.53287 0.0939511 -0.114577 -1054.5034 578.9147 68865.2 -32.0949995328
3524.0 0.0 -1246.733 581.4485 64099.0 -32.0171281355 6.44505 0.814199 0.00109051 -1243.8372 579.2605 165196.2 -33.0450001326
2950.0 3274.0 -937.258 -1038.3448 63927.0 -32.0142108103 4.42509 -0.0419745 0.0677745 -936.6436 -1038.3349 55462.6 -31.8600005619
776.0 3142.0 141.1503 -955.8502 63469.0 -32.0064041394 4.60857 -0.0517106 -0.132854 141.5997 -956.164 43853.1 -31.6050007483
3309.0 3591.0 -1113.1317 -1198.4221 63337.0 -32.0041437222 4.70963 -0.147312 0.142498 -1112.6205 -1198.3344 87498.4 -32.3550002789
3034.0 727.0 -998.0106 224.6055 63250.0 -32.0026513246 4.25606 0.0857116 -0.0691105 -997.1231 225.4214 70794.6 -32.1250003307
1733.0 2495.0 -338.8404 -642.3498 63129.0 -32.0005722748 4.23311 0.0182203 -0.0660536 -338.4749 -643.0571 52480.7 -31.7999990478
1700.0 738.0 -335.5946 229.5842 62935.0 -31.9972305913 4.19219 0.0291359 -0.0217076 -335.5338 230.1638 66069.3 -32.0499992638
3281.0 845.0 -1119.7642 164.1315 62288.0 -31.9860109659 4.37881 0.180466 -0.110604 -1119.009 164.739 64268.8 -32.0200004776
285.0 1586.0 373.297 -180.0525 61588.0 -31.9737402528 4.3602 0.203436 -0.10924 372.846 -183.7628 110153.9 -32.6049996949
1459.0 733.0 -215.9751 233.9501 60920.0 -31.9618997367 5.75469 -0.382842 0.137594 -216.0432 229.9497 187068.2 -33.1799999185
2771.0 2131.0 -856.9314 -469.8839 60846.0 -31.9605800827 4.18171 0.281803 -0.0274241 -856.9226 -469.988 47643.1 -31.6950000301
1342.0 362.0 -160.6587 418.9245 60775.0 -31.9593124188 4.26004 0.106181 -0.0825455 -161.582 418.6246 56234.1 -31.8749993721
2612.0 1753.0 -780.8143 -281.1082 60667.0 -31.9573812987 4.14772 0.151234 -0.00792855 -780.9897 -280.2673 54954.1 -31.8500002492
3321.0 3310.0 -1121.191 -1059.1073 60624.0 -31.9566114698 4.26929 0.0357141 0.0331786 -1120.1477 -1058.5078 44874.5 -31.6299990566
4040.0 2154.0 -1486.8205 -491.222 60422.0 -31.9529877414 4.47222 0.33593 0.00361871 -1485.0968 -490.4867 58884.4 -31.9250006355
2718.0 2539.0 -827.5658 -671.8846 60356.0 -31.9518011247 4.03619 0.109951 0.0126663 -827.781 -672.2566 58344.5 -31.914999806
1745.0 1933.0 -349.001 -363.6265 60119.0 -31.9475293702 3.98499 0.166692 -0.00471703 -347.8832 -364.1685 56234.1 -31.8749993721
1830.0 9.0 -405.5914 590.2358 60113.0 -31.947421006 4.20269 0.0769836 -0.0910139 -404.9967 589.9117 47206.3 -31.6849999051
3248.0 1270.0 -1100.2014 -46.4596 60035.0 -31.9460112874 4.07955 0.0760859 -0.0471069 -1099.711 -45.6217 55975.8 -31.870000773
1514.0 421.0 -245.6158 388.3081 59901.0 -31.9435851816 4.0976 0.0132876 -0.0725997 -245.8076 388.3264 66374.3 -32.0549998848
2282.0 2520.0 -611.233 -659.0475 59896.0 -31.9434945503 4.07252 0.073402 -0.047954 -611.191 -659.1404 44668.4 -31.6250009913
1805.0 3439.0 -367.5293 -1111.2465 59762.0 -31.941062808 4.18993 0.0667515 -0.127457 -366.8989 -1111.7923 46989.4 -31.6799997491
1612.0 3491.0 -271.3156 -1135.5347 59146.0 -31.9298134474 4.64583 -0.109114 -0.0551757 -271.0538 -1135.8472 49888.4 -31.7449989391
3706.0 2526.0 -1318.207 -673.1643 58945.0 -31.9261174301 4.22868 0.218192 0.0520453 -1317.2506 -673.0533 57809.6 -31.904999911
2729.0 3835.0 -823.3359 -1314.937 58395.0 -31.9159391569 4.3663 -0.298421 0.043733 -822.5535 -1314.2162 50815.9 -31.7649990544
1746.0 1770.0 -350.7164 -282.7674 57887.0 -31.906452607 3.95002 0.149012 -0.106634 -350.3744 -282.4689 49204.0 -31.7300010246
2154.0 1839.0 -552.7733 -320.1912 57833.0 -31.9054393032 4.01197 0.0414309 -0.0871473 -552.5536 -319.3133 60534.1 -31.9550002246
2068.0 3216.0 -499.7769 -1002.6701 57720.0 -31.9033158061 3.94332 -0.101868 -0.0457844 -499.1374 -1003.0604 59703.5 -31.9399994788
884.0 1838.0 77.7768 -309.7598 57587.0 -31.9008111363 3.95844 0.148312 -0.106259 78.5375 -310.0306 49659.2 -31.7399992972
2868.0 2954.0 -898.9378 -878.9462 57376.0 -31.8968256697 3.91707 0.158683 -0.0191872 -899.1902 -879.4974 62517.3 -31.9900005336
2297.0 1107.0 -629.247 41.847 56786.0 -31.8856031953 3.73896 -0.0867793 0.0180286 -629.2027 43.1953 64268.8 -32.0200004776
427.0 484.0 294.553 365.5564 56676.0 -31.8834979791 4.1884 0.24137 0.0109122 291.942 363.6504 58344.5 -31.914999806
2098.0 89.0 -538.0557 548.4499 55938.0 -31.8692673365 3.8606 -0.00902908 -0.111095 -538.1228 546.0515 44463.1 -31.6199993469
2736.0 2079.0 -839.9427 -443.8121 55497.0 -31.8606737678 3.7384 0.155273 -0.0677307 -839.8124 -443.3609 54954.1 -31.8500002492
2474.0 1222.0 -716.2678 -16.591 55110.0 -31.8530760276 3.7803 -0.0298053 -0.0254125 -716.2921 -15.5232 63387.0 -32.0050004946
2840.0 1768.0 -893.9046 -290.3336 55110.0 -31.8530760276 3.80418 0.0644158 -0.0461916 -893.4922 -289.323 60813.5 -31.9599999977
2015.0 3328.0 -472.6248 -1057.8205 55055.0 -31.8519919174 3.79899 -0.100651 -0.0556152 -471.3958 -1057.8638 56754.5 -31.8850007549
2155.0 1574.0 -555.2515 -188.7283 54977.0 -31.8504525936 3.79836 0.0106006 -0.0514401 -554.8475 -188.1337 51760.7 -31.7850003525
1596.0 1258.0 -280.0699 -27.5825 54811.0 -31.8471693141 3.77963 0.155362 -0.0606094 -279.7495 -26.958 44874.5 -31.6299990566
921.0 2115.0 61.4776 -447.4734 54665.0 -31.8442733811 3.74327 0.155215 -0.0665356 62.2068 -447.5201 52239.6 -31.7949996072
2957.0 3718.0 -937.4132 -1258.6751 54145.0 -31.8338958951 3.8734 -0.176758 0.0714935 -935.8147 -1257.4453 52966.3 -31.8099990901
3970.0 1911.0 -1453.8825 -370.1182 54140.0 -31.8337956286 3.76904 0.163414 -0.0638959 -1452.2542 -369.5221 52480.7 -31.7999990478
287.0 432.0 363.6744 392.4497 53791.0 -31.8267740452 3.85531 0.178104 -0.0174723 360.2496 389.6397 57809.6 -31.904999911
2073.0 2280.0 -509.2588 -538.3447 53519.0 -31.8212699752 3.57599 -0.0812704 -0.0746304 -508.6632 -538.6022 63387.0 -32.0050004946
1369.0 2735.0 -156.3189 -758.57 53406.0 -31.8189751286 3.87429 0.144587 0.0166228 -155.223 -758.685 59979.1 -31.944999862
2836.0 854.0 -898.7535 163.1477 53275.0 -31.816308646 3.62747 -0.103224 -0.0959677 -898.9627 163.9961 66374.3 -32.0549998848
1241.0 633.0 -108.4854 285.2672 52758.0 -31.8057208089 3.78719 -0.0548168 -0.113179 -108.5275 285.5581 55462.6 -31.8600005619
2691.0 3194.0 -809.2622 -996.6294 52586.0 -31.8021753427 3.61503 -0.119707 -0.0399501 -809.7752 -996.2903 61659.5 -31.9749999967
1080.0 142.0 -32.2203 530.1196 52486.0 -31.8001086902 3.60731 -0.07869 -0.0760686 -32.9558 527.8706 54450.3 -31.8400006922
2076.0 818.0 -521.6812 186.9534 52450.0 -31.7993637313 3.7246 -0.0466568 -0.0812445 -521.7601 188.2353 49888.4 -31.7449989391
3343.0 2055.0 -1141.4989 -436.6539 52410.0 -31.7985353993 3.60536 0.103335 -0.0479584 -1140.7879 -436.516 64863.4 -32.0299992743
205.0 1404.0 411.6562 -89.1336 52000.0 -31.7900083591 3.77665 0.214192 -0.0751064 409.818 -89.9997 52239.6 -31.7949996072
1186.0 1446.0 -75.0982 -117.6449 51988.0 -31.7897577757 3.60414 -0.0835784 -0.0760313 -74.7061 -117.4504 47643.1 -31.6950000301
3817.0 818.0 -1386.0911 173.3335 51638.0 -31.782423533 3.80661 0.292915 -0.0974462 -1383.2448 172.8897 51286.1 -31.7749991871
1853.0 1846.0 -403.2738 -321.3093 51005.0 -31.7690318798 3.45713 -0.0568959 -0.0700804 -398.9686 -323.6778 23227.4 -30.9150014975
2709.0 2665.0 -822.1551 -734.3248 50659.0 -31.7616415316 3.43916 -0.0927105 0.0320632 -820.543 -736.6639 101391.1 -32.5149995869
1813.0 363.0 -394.5036 414.7437 50507.0 -31.758378933 3.55283 0.00208348 -0.116519 -394.7117 414.4735 50350.1 -31.7550008436
1826.0 739.0 -398.1464 228.1024 50208.0 -31.7519323048 3.47251 -0.0570362 -0.071731 -398.4684 229.3927 64268.8 -32.0200004776
1233.0 410.0 -106.181 395.9636 50178.0 -31.7512833679 3.46626 0.0266428 -0.0348839 -106.8811 394.9482 60813.5 -31.9599999977
2147.0 1337.0 -553.0517 -71.0862 50034.0 -31.7481630606 3.41038 0.108004 -0.00411546 -552.73 -70.093 61094.2 -31.9649999557
806.0 2492.0 121.3945 -633.6095 49817.0 -31.7434439265 3.54803 -0.140283 -0.136988 121.9958 -633.9427 44668.4 -31.6250009913
1718.0 3402.0 -324.6103 -1092.2096 49425.0 -31.734866695 3.63121 0.0856725 -0.0309031 -324.0677 -1094.7949 64268.8 -32.0200004776
4071.0 1329.0 -1508.3814 -82.1688 49422.0 -31.7348007909 3.83917 0.369104 -0.016397 -1505.4824 -82.0678 57544.0 -31.9000001182
2021.0 3384.0 -475.185 -1085.6499 48924.0 -31.7238048937 3.39585 -0.0552075 -0.0649614 -475.4567 -1086.3247 48305.9 -31.7100004449
1893.0 3297.0 -412.2834 -1041.4865 48416.0 -31.7124722659 3.37822 -0.107739 -0.0730138 -411.0499 -1042.3107 61659.5 -31.9749999967
2045.0 1968.0 -497.6899 -383.3374 48399.0 -31.7120909713 3.29071 0.0360559 -0.0855142 -497.8777 -383.0594 55462.6 -31.8600005619
1226.0 1380.0 -95.4518 -85.2142 48362.0 -31.7112606318 3.27703 0.0499006 -0.0831242 -94.6276 -84.4413 57279.6 -31.8949999413
2301.0 330.0 -637.0434 427.2979 48058.0 -31.7044142327 3.43919 0.131942 -0.104072 -637.2212 427.5134 53703.2 -31.8250004117
2537.0 2746.0 -736.151 -773.1646 48046.0 -31.7041430924 3.29632 -0.0969537 -0.0283274 -736.0691 -773.6418 48977.9 -31.7250004004
3246.0 2452.0 -1090.3695 -632.8531 48043.0 -31.7040752967 3.17946 0.00210758 -0.00172173 -1090.4823 -632.9696 51286.1 -31.7749991871
2167.0 1973.0 -558.2258 -386.7724 47904.0 -31.7009294467 3.32651 0.027098 -0.0718724 -557.8081 -386.9748 53703.2 -31.8250004117
3041.0 707.0 -1001.6356 234.4731 47712.0 -31.6965690544 3.40764 0.0667728 -0.150672 -1000.909 234.2196 68233.9 -32.0850004867
732.0 2353.0 157.0962 -564.0704 47700.0 -31.6962959476 3.43627 -0.0249764 -0.0797315 157.4145 -564.3551 43451.0 -31.5949994398
1607.0 387.0 -292.0447 404.4485 47367.0 -31.6886896986 3.34086 -0.0253904 -0.0723601 -292.1984 404.4804 48305.9 -31.7100004449
1433.0 3316.0 -183.7504 -1047.3141 47317.0 -31.6875430041 4.20959 -0.352919 0.0552283 -183.5752 -1047.6774 54450.3 -31.8400006922
2371.0 1307.0 -664.4925 -57.9551 45861.0 -31.6536088007 3.08687 0.0476621 -0.0368128 -664.7449 -56.676 49204.0 -31.7300010246
1152.0 1639.0 -56.7739 -213.1293 45602.0 -31.6474597256 3.17933 -0.0186697 -0.127659 -55.6093 -213.0999 51760.7 -31.7850003525
3143.0 3031.0 -1034.9 -919.2985 45521.0 -31.6455294851 3.22281 0.000246613 0.0333358 -1033.9627 -919.1315 59979.1 -31.944999862
2702.0 2674.0 -818.6123 -738.7351 45437.0 -31.6435241229 3.70812 -0.12613 -0.163772 -820.543 -736.6639 101391.1 -32.5149995869
2020.0 2425.0 -481.8599 -609.8669 45304.0 -31.6403413715 3.17688 0.0191401 -0.125506 -481.7466 -610.8158 51760.7 -31.7850003525
664.0 2397.0 191.1874 -585.3676 45182.0 -31.6374136281 3.37055 0.128689 -0.171122 191.7626 -585.9081 48977.9 -31.7250004004
1864.0 2071.0 -407.0528 -433.0214 45141.0 -31.6364279392 3.08961 0.0468513 -0.0363635 -406.3091 -433.5993 48083.9 -31.7049992132
2936.0 3029.0 -932.139 -916.6869 45130.0 -31.6361633338 3.19414 0.178429 0.00513466 -931.9361 -917.0323 54954.1 -31.8500002492
1923.0 2185.0 -435.4939 -490.0402 43302.0 -31.5912698892 3.37786 0.113874 0.00721563 -435.1576 -490.4152 51286.1 -31.7749991871
2828.0 1981.0 -886.3538 -395.9124 43218.0 -31.5891616629 2.95843 0.00223914 -0.0803655 -887.6761 -394.3409 66680.7 -32.0600003758
2170.0 1152.0 -565.8547 20.5153 43102.0 -31.5862435564 3.01038 0.0881977 -0.0355486 -565.7602 21.5735 55718.6 -31.8650004892
1496.0 2473.0 -221.3339 -629.5812 43088.0 -31.5858908402 2.99978 -0.00217015 -0.0705506 -220.1507 -630.3609 51050.5 -31.7700000001
2652.0 1335.0 -803.8002 -74.0446 43015.0 -31.5840498181 3.16234 0.0667253 -0.0553787 -803.5659 -73.2754 56234.1 -31.8749993721
1536.0 1029.0 -251.9922 86.4974 42783.0 -31.5781780865 3.08222 0.108256 -0.140817 -253.4444 87.4554 70794.6 -32.1250003307
468.0 3924.0 299.9207 -1341.4034 42781.0 -31.5781273298 16.7981 0.305003 0.373971 296.9286 -1338.0709 186208.7 -33.1749999203
1789.0 2750.0 -364.7376 -769.2975 42549.0 -31.572223394 3.13865 -0.0564108 -0.165576 -363.9475 -770.2315 49659.2 -31.7399992972
1357.0 289.0 -168.6521 455.0236 40773.0 -31.525931668 3.10449 0.107243 0.0420182 -168.094 455.5141 43651.6 -31.6000004173
2828.0 1959.0 -886.5183 -384.9979 40706.0 -31.5241460707 2.85367 0.0950043 -0.0941069 -886.7451 -384.5204 51999.6 -31.7900000072
1576.0 1743.0 -266.513 -268.0423 40219.0 -31.5110781704 2.96242 0.0936429 -0.131939 -265.6782 -267.9162 47863.0 -31.6999997906
1324.0 2998.0 -132.0096 -888.6965 39703.0 -31.4970583094 4.09439 -0.252804 0.0490024 -136.8521 -888.8037 628058.4 -34.4950000712
933.0 158.0 40.8852 523.3318 39426.0 -31.4894567939 3.61331 0.0885218 0.0385277 40.4286 519.0605 58344.5 -31.914999806
2321.0 2624.0 -629.8189 -710.9487 38822.0 -31.4726947631 2.76926 -0.0204206 -0.0229656 -629.4779 -711.566 57279.6 -31.8949999413
1626.0 561.0 -300.1771 317.9756 38814.0 -31.4724710038 2.75739 0.0260862 -0.0572618 -301.024 319.0991 45081.7 -31.6350007116
2587.0 109.0 -780.6956 534.7021 35990.0 -31.3904546166 2.58618 -0.148857 -0.0838572 -779.783 533.7652 51050.5 -31.7700000001
2888.0 3087.0 -907.8732 -945.0861 34767.0 -31.352918044 2.33925 0.0437281 -0.0770116 -908.142 -945.2816 38370.7 -31.4599993054
2213.0 1214.0 -586.7406 -10.5803 31434.0 -31.2434991221 2.53809 -0.198538 -0.184061 -586.9962 -9.2524 43451.0 -31.5949994398
3256.0 2102.0 -1097.9518 -459.2907 31311.0 -31.2392423455 3.07936 0.0445162 0.0105805 -1100.8322 -459.5443 94189.0 -32.4350004651
65.0 1491.0 481.8171 -131.2005 30964.0 -31.227142647 2.35298 0.140211 -0.126985 479.2407 -132.1648 48083.9 -31.7049992132
2875.0 3933.0 -895.0923 -1364.6985 30878.0 -31.2241229072 2.46142 -0.227841 0.196001 -893.3846 -1361.1364 40738.0 -31.5249992596
2828.0 911.0 -894.3552 134.9317 28477.0 -31.1362355881 3.67583 0.100758 -0.00501272 -894.4021 134.0979 73113.9 -32.159999876
2739.0 391.0 -854.0551 393.6083 27651.0 -31.1042771055 3.73525 -0.170955 -0.0765105 -854.0971 395.8857 66374.3 -32.0549998848
1430.0 1826.0 -193.4031 -308.0778 27326.0 -31.09144016 4.04495 0.153597 0.0392098 -188.398 -307.4377 383707.2 -33.9599998713
2573.0 2659.0 -754.6757 -730.2842 27032.0 -31.0796954469 2.7641 0.108029 -0.222492 -755.6609 -729.8488 39445.7 -31.4899991685
1349.0 1752.0 -153.7398 -270.7315 26036.0 -31.0389356572 4.24337 0.125796 0.133697 -150.1165 -269.3146 56754.5 -31.8850007549
3493.0 2874.0 -1209.8497 -844.1463 25666.0 -31.0233954748 3.27288 0.0209794 -0.0434067 -1205.7178 -844.4355 57809.6 -31.904999911
1074.0 143.0 -29.2338 529.6704 23274.0 -30.917177575 2.97452 0.236187 0.000776371 -32.9558 527.8706 54450.3 -31.8400006922
3908.0 1131.0 -1428.9322 17.3373 22679.0 -30.8890597525 3.0483 0.289146 -0.156834 -1424.5554 16.4404 50815.9 -31.7649990544
421.0 1256.0 303.305 -17.3982 22211.0 -30.8664202803 1.68224 0.0185202 -0.086588 301.9385 -17.9111 43853.1 -31.6050007483
853.0 780.0 85.2566 215.3734 22051.0 -30.8585707231 1.91025 -0.0735924 -0.228622 84.4091 215.0392 38194.4 -31.4549992301
3173.0 3450.0 -1046.6618 -1127.4058 21883.0 -30.8502671509 4.46498 -0.0117329 -0.084601 -1046.8752 -1123.649 68865.2 -32.0949995328
278.0 1594.0 376.8324 -183.9667 20368.0 -30.7723709658 3.23378 -0.0125444 0.167797 372.846 -183.7628 110153.9 -32.6049996949
1578.0 1738.0 -267.5434 -265.5774 20242.0 -30.7656335513 3.0075 -0.269038 -0.1243 -265.6782 -267.9162 47863.0 -31.6999997906
1267.0 1070.0 -118.1266 68.2611 17797.0 -30.6258670011 2.94817 0.149177 0.205672 -115.7805 69.6477 42462.0 -31.570001115
1041.0 677.0 -8.856 265.0027 15638.0 -30.485453022 1.81787 0.217924 -0.280399 -8.3108 264.0509 43651.6 -31.6000004173
2901.0 982.0 -930.0689 99.1364 15471.0 -30.4737959653 2.90611 0.00135695 -0.403149 -928.1309 98.493 36812.9 -31.4150000777
29.0 2239.0 505.2847 -502.0136 14278.0 -30.3866684441 4.26431 -0.380393 0.13834 504.3041 -498.3611 152054.8 -32.9550003358
1360.0 0.0 -172.3027 598.3776 14022.0 -30.3670249069 1.76004 0.851415 -0.0010906 -173.2015 597.6137 89949.8 -32.3850005051
1392.0 1484.0 -177.0934 -138.1088 13765.0 -30.3469405393 4.0976 0.0860337 -0.288033 -172.9612 -139.6063 69502.4 -32.1049995039
3121.0 953.0 -1039.5162 111.8027 13417.0 -30.3191385494 5.81945 0.670346 0.0682765 -1040.735 112.9596 34994.5 -31.3599994818
