-818.7048 486.4648 885265.0 -34.8676832355 7.78183 0.0266415 -0.0380488 -817.0822 494.4708 1690440.9 -35.5699999797
-716.8869 -41.4124 395441.0 -33.9927042393 9.07983 0.0221858 -0.0182276 -716.6286 -49.4734 827942.2 -34.7950000476
-1517.5882 429.7994 382045.0 -33.9552863006 9.86813 0.0711807 -0.0339176 -1512.718 426.6016 331131.1 -33.7999999296
-755.0651 -210.2373 295314.0 -33.6757100903 9.4751 0.0221992 -0.0305838 -766.6455 -219.8317 1037528.4 -35.0399999834
-1174.5324 -782.0569 182869.0 -33.155350225 9.37786 0.132115 0.02193 -1166.0071 -782.9921 30478.9 -31.2099982226
-1380.1679 538.1587 139523.0 -32.8616145145 8.34375 0.073775 -0.0867905 -1376.1485 534.6772 98627.9 -32.4849994654
302.8698 -1339.372 134084.0 -32.8184423934 9.4294 -0.1075 -0.163843 296.9286 -1338.0709 186208.7 -33.1749999203
42.5839 -742.534 114543.0 -32.6474213839 9.66874 -0.284232 0.138429 36.6042 -737.0994 1230268.8 -35.2250000258
472.5031 -1391.2849 102523.0 -32.5270532648 7.42972 -0.147413 -0.186654 467.6764 -1387.2132 80909.6 -32.2700001353
25.7702 -747.265 99600.0 -32.4956483461 6.477 0.0820921 -0.06003 36.6042 -737.0994 1230268.8 -35.2250000258
-1451.2373 -1402.2429 95693.0 -32.4522004251 7.51205 0.108535 0.230037 -1445.3369 -1396.9259 61659.5 -31.9749999967
-534.1933 -333.793 94071.0 -32.4336394018 5.67177 0.0370349 -0.0363663 -521.2705 -331.4451 1042317.4 -35.0449999694
387.2536 508.4437 93656.0 -32.4288390134 6.41031 0.15709 0.0201062 382.8827 504.6258 66988.5 -32.0650006331
-810.9702 500.4812 90008.0 -32.3857027792 8.16205 -0.151402 -0.229718 -817.0822 494.4708 1690440.9 -35.5699999797
451.0467 -824.4277 89821.0 -32.3834447147 5.07502 -0.101351 0.0949684 445.6377 -822.6478 205116.2 -33.2799999053
-1045.6611 -1292.6359 89082.0 -32.3744748973 6.26809 -0.0824863 0.16931 -1045.936 -1283.2093 120781.4 -32.7050001482
-137.9473 -330.0308 75223.0 -32.1908766243 4.97502 -0.0204824 -0.0440455 -138.333 -321.5937 80167.8 -32.2599999142
-326.1054 -70.4878 74107.0 -32.1746480813 6.93118 0.350191 0.201338 -322.2325 -63.0942 1241652.3 -35.2349999934
-1454.6875 45.713 58619.0 -31.9200960135 6.54345 0.601262 0.00417658 -1452.9099 51.921 751622.9 -34.6900000086
-1181.5432 -778.1975 54910.0 -31.8491286093 3.81866 0.223843 0.000153555 -1166.0071 -782.9921 30478.9 -31.2099982226
-1403.3091 524.892 51857.0 -31.7870184715 4.10325 0.207772 -0.173329 -1399.191 521.1417 54954.1 -31.8500002492
503.487 -415.6972 51196.0 -31.773090076 6.24709 -0.470373 0.155765 507.6363 -420.2118 946237.2 -34.9400000443
-974.1938 555.4725 47442.0 -31.690407473 3.31449 0.0340511 -0.0883434 -967.2904 554.1668 219786.0 -33.3550000628
-323.8398 -56.0613 47168.0 -31.6841186546 7.84931 0.64612 0.0645579 -322.2325 -63.0942 1241652.3 -35.2349999934
-1488.9192 10.4373 32362.0 -31.2750883839 3.30763 0.424455 0.0758412 -1464.6052 13.8224 55975.8 -31.870000773
-432.9982 -260.2446 31748.0 -31.2542909291 4.03818 -0.159894 -0.112882 -426.6605 -258.5633 812830.5 -34.7749999784
-317.1684 -70.3469 31060.0 -31.2305036285 3.15837 -0.124262 -0.236904 -322.2325 -63.0942 1241652.3 -35.2349999934
-275.6118 -59.7675 30423.0 -31.2080050936 2.21917 -0.00276381 -0.187778 -264.481 -61.486 10617.0 -30.0650045434
-231.774 -530.0027 26753.0 -31.0684312239 4.72363 0.344568 -0.0244985 -233.0933 -536.7023 628058.4 -34.4950000712
-497.8887 -501.9405 21051.0 -30.8081818281 1.30165 0.000592512 -0.000858146 -511.8028 -514.903 124165.2 -32.734999731
-512.5352 -749.2957 20374.0 -30.7726907546 5.01428 0.193747 -0.000928478 -512.13 -755.2133 467735.1 -34.1749999042
276.9704 510.6759 19481.0 -30.7240281159 1.11809 -0.000550427 0.111038 237.3721 530.2274 29922.6 -31.1899983176
-1197.2469 -1153.1014 18168.0 -30.648267803 2.68965 -0.637226 -0.1559 -1204.5825 -1144.4666 15275.7 -30.4600028017
-668.4452 -1344.2554 17787.0 -30.6252567627 4.20317 0.0471283 0.0726273 -657.2029 -1340.7259 963829.0 -34.9599999734
-129.7623 -576.53 16189.0 -30.5230500577 1.03473 -0.0786041 0.000621185 -155.7519 -606.475 38904.5 -31.4749995954
-349.7193 13.4999 15829.0 -30.4986336977 1.1194 -0.000625259 0.246839 -366.7496 45.6784 13740.4 -30.3449984394
-270.3104 82.7352 14196.0 -30.3804149767 2.45882 -0.812474 0.142481 -253.4444 87.4554 70794.6 -32.1250003307
-153.4243 -192.8179 13970.0 -30.3629910153 0.922299 0.0152788 0.143437 -163.1041 -222.6655 24547.1 -30.9750004796
8.2757 -542.0998 13678.0 -30.3400564985 3.54551 0.859077 -0.0403008 17.6667 -544.3992 27289.8 -31.0900008821
-296.2739 -1028.2452 13384.0 -30.3164648199 3.40552 0.272585 -0.315573 -301.0451 -1024.1014 891250.9 -34.8749999535
