# /Users/Elisa/c/kd-match-0.3.0/match_kd /Users/Elisa/c/EAntolini/ProductFiles/Newfile /Users/Elisa/c/EAntolini/ProductFiles/m48_12V-008_Transformed_sorted.cat -x2 1 -y2 2
-817.8721 494.6285 2663.0 189.0 2792400.0 65535.0 8.3562 0.040978 -0.0342256 81.0   8.0545e-01 -817.0822 494.4708 1690440.9 123.33270556 -5.55802222
-845.1468 195.926 2727.0 790.0 2770900.0 65535.0 8.27821 -0.00190796 -0.0301189 81.0   1.4116e+00 -844.1437 196.9192 1770109.0 123.32511944 -5.64067222
-400.5611 256.9687 1830.0 681.0 2715020.0 65535.0 8.25669 0.0211835 -0.0166124 81.0   7.3398e-01 -401.0314 257.5322 1577611.3 123.44880833 -5.62387222
37.614 -737.2228 978.0 2698.0 2674370.0 65535.0 8.4515 -0.0253505 0.0213591 81.0   1.0173e+00 36.6042 -737.0994 1230268.8 123.57096667 -5.90016944
12.9668 -91.9215 1008.0 1397.0 2496020.0 65535.0 7.92116 0.0143266 -0.026871 81.0   8.9631e-01 13.7701 -92.3191 1419057.5 123.56458889 -5.72106389
-452.8282 -425.7642 1956.0 2055.0 2392480.0 65535.0 7.68438 0.0339787 -0.0214982 81.0   3.8090e-01 -453.0093 -425.4291 1472312.5 123.43425833 -5.81358056
-985.5797 187.7764 3010.0 802.0 2390520.0 65535.0 7.84733 0.0338439 -0.0251291 81.0   2.4311e-01 -985.6209 187.5368 1393156.8 123.28562778 -5.64326111
-510.6149 -282.74 2068.0 1765.0 2382980.0 65535.0 7.58887 -0.00030987 -0.0190481 81.0   1.3947e+00 -509.5231 -281.8722 1202264.4 123.41848889 -5.7737
-444.6173 -377.4949 1938.0 1958.0 2328250.0 65535.0 7.57321 0.0106626 -0.0222987 81.0   7.0876e-01 -443.9168 -377.387 981747.9 123.4368 -5.80023611
-417.146 -190.4568 1877.0 1582.0 2251990.0 65535.0 7.49157 0.0642474 -0.0179453 81.0   1.4691e+00 -416.8844 -189.0112 1380384.3 123.44435833 -5.74791111
-1455.3582 51.8951 3960.0 1061.0 2091670.0 65535.0 7.61078 0.137748 -0.0360944 81.0   2.4484e+00 -1452.9099 51.921 751622.9 123.15516667 -5.68085556
202.2899 -32.3854 625.0 1283.0 2082040.0 65535.0 7.47149 0.0453504 -0.0233316 81.0   2.7028e-01 202.1728 -32.629 765596.6 123.61718333 -5.70448056
-1032.3977 -198.084 3116.0 1578.0 2077650.0 65535.0 7.27284 0.0410961 -0.0256394 81.0   7.9735e-01 -1032.7482 -197.3678 1213388.9 123.27241944 -5.75017222
-323.2011 -63.9215 1684.0 1330.0 2073740.0 65535.0 7.25707 0.0189051 -0.0247137 81.0   1.2738e+00 -322.2325 -63.0942 1241652.3 123.47078889 -5.71293889
-685.2852 -391.6772 2423.0 1979.0 2039430.0 65535.0 7.19943 0.0181101 -0.0282781 81.0   1.6395e-01 -685.1805 -391.8033 1213388.9 123.36943611 -5.80422222
-1136.1457 455.9076 3305.0 257.0 1949230.0 65535.0 7.48082 0.0549495 -0.0552857 81.0   2.0316e+00 -1134.4817 454.7421 1164126.0 123.24411667 -5.56901667
-584.1116 -677.9506 2228.0 2559.0 1895120.0 65535.0 7.07655 0.0243318 -0.0209584 81.0   7.8390e-01 -584.1681 -678.7325 741310.2 123.39761667 -5.88393333
-545.606 -1188.5381 2166.0 3589.0 1885220.0 65535.0 7.40014 -0.058899 -0.000207443 81.0   7.2191e-01 -544.9166 -1188.7523 619441.1 123.40853889 -6.02560833
-29.26 467.7416 1076.0 268.0 1830500.0 65535.0 7.47362 0.0139439 -0.0195217 80.0   2.1263e+00 -30.1283 465.8007 981747.9 123.55233611 -5.56603056
-1243.6683 -547.3059 3552.0 2275.0 1816770.0 65535.0 7.27821 0.0758023 -0.00917119 81.0   8.5734e-01 -1242.8616 -547.596 625172.7 123.2137 -5.847425
-766.3478 -220.2313 2581.0 1631.0 1767280.0 65535.0 7.01072 0.0174038 -0.0254465 81.0   4.9832e-01 -766.6455 -219.8317 1037528.4 123.34670833 -5.75644444
-521.805 -331.056 2092.0 1862.0 1733200.0 65535.0 6.98065 -0.00134195 -0.0267184 81.0   6.6111e-01 -521.2705 -331.4451 1042317.4 123.41520556 -5.78746944
-1467.219 113.7473 3982.0 936.0 1700660.0 62923.0 7.86935 0.141419 -0.0498871 81.0   3.5338e+00 -1463.8788 112.5938 557185.7 123.15211667 -5.664
-658.015 -1342.1621 2397.0 3895.0 1669680.0 57752.0 7.95938 -0.0959722 0.0320188 81.0   1.6499e+00 -657.2029 -1340.7259 963829.0 123.37716111 -6.06781389
510.1189 -420.1494 17.0 2074.0 1623340.0 59232.0 8.17197 0.113164 -0.0529454 81.0   2.4834e+00 507.6363 -420.2118 946237.2 123.70248333 -5.81212778
-1038.5045 -681.5757 3143.0 2552.0 1583460.0 65535.0 7.00406 0.0542849 -0.0110964 81.0   1.8937e-01 -1038.6902 -681.6129 1032761.4 123.27069167 -5.88468333
-382.3258 -161.1274 1806.0 1524.0 1581350.0 65535.0 6.89711 0.0164921 -0.0292033 81.0   9.8393e-01 -381.7572 -160.3244 981747.9 123.45416667 -5.73994444
-715.5803 -490.4179 2487.0 2177.0 1529680.0 65535.0 6.85908 0.0286124 -0.0255393 81.0   4.4767e-01 -716.0068 -490.5541 954992.6 123.36081944 -5.83165
-465.3522 8.799 1968.0 1179.0 1499530.0 65535.0 6.98253 0.0220429 -0.0277789 81.0   9.7301e-01 -465.5138 9.7585 972747.2 123.43079444 -5.69269444
176.0778 -171.2626 682.0 1562.0 1469580.0 59838.0 7.33277 0.0582619 -0.025772 81.0   3.4885e-01 175.7525 -171.1366 527229.9 123.60981111 -5.74295556
-510.345 -37.5636 2060.0 1271.0 1341750.0 59823.0 6.92473 0.0255619 -0.0264182 80.0   8.5932e-01 -510.1709 -36.7221 879022.5 123.418325 -5.70560278
242.2384 -309.6893 553.0 1843.0 1339230.0 54461.0 7.45479 0.0608438 -0.0335048 81.0   4.3635e-01 241.8925 -309.4233 801678.1 123.62828056 -5.78136667
-301.7545 -1023.4308 1670.0 3264.0 1327170.0 55189.0 7.18152 -0.0271026 -0.0292028 81.0   9.7622e-01 -301.0451 -1024.1014 891250.9 123.47666389 -5.97988611
-170.1784 -1.4784 1374.0 1209.0 1308690.0 53592.0 7.19093 0.0255602 -0.0259975 81.0   5.4604e-01 -169.8582 -1.0361 916220.5 123.51332778 -5.69570556
-427.0357 -259.1007 1899.0 1720.0 1178550.0 51245.0 7.12555 0.00979316 -0.0299545 81.0   6.5544e-01 -426.6605 -258.5633 812830.5 123.441625 -5.76723056
-931.0403 -299.2345 2915.0 1785.0 1142170.0 50896.0 7.10975 0.0302311 -0.0279896 81.0   7.4795e-01 -931.494 -298.6399 755092.2 123.300675 -5.77831667
-850.0768 29.0922 2742.0 1126.0 990096.0 42568.0 7.35077 0.0288522 -0.0255191 81.0   9.1129e-01 -850.4443 29.9261 812830.5 123.32334167 -5.68705833
-181.8918 -902.9424 1425.0 3025.0 977781.0 40260.0 7.41452 -0.00334324 -0.0306758 81.0   4.6600e-01 -181.629 -903.3272 744732.0 123.51001944 -5.94634167
85.4665 106.2424 856.0 1000.0 964676.0 36086.0 7.70237 0.03357 -0.0126864 81.0   3.6995e-01 85.151 106.0492 783429.6 123.58451389 -5.66596111
-222.2206 -699.0968 1500.0 2613.0 953844.0 39900.0 7.39323 0.0244788 -0.0341559 81.0   5.5330e-01 -221.7148 -699.3211 338844.2 123.49883056 -5.88967222
-467.8875 -250.8056 1981.0 1702.0 953692.0 40961.0 7.37478 0.0197186 -0.0289055 81.0   3.0791e+00 -469.4937 -253.4326 1096478.2 123.42966667 -5.76580278
-335.587 -756.4536 1730.0 2725.0 944725.0 41086.0 7.31507 0.00655815 -0.0282041 81.0   7.3074e-01 -335.1335 -757.0266 765596.6 123.46715556 -5.90569722
-906.6536 -894.4136 2884.0 2985.0 943229.0 38669.0 7.42791 0.015924 0.00597249 81.0   5.7412e-01 -906.4043 -894.9307 711213.5 123.30760556 -5.94395556
-257.6608 -391.4482 1562.0 1992.0 920372.0 38636.0 7.41455 0.0272063 -0.0245206 81.0   4.8717e-01 -257.1759 -391.4952 721107.5 123.48893889 -5.80416389
-1284.7338 -722.1488 3640.0 2626.0 903190.0 35320.0 7.91795 0.0836998 0.0187053 81.0   1.2195e+00 -1283.5877 -721.7322 660693.4 123.20229722 -5.89578889
-472.5847 356.096 1972.0 479.0 897795.0 35526.0 7.59057 0.0172966 -0.0266942 81.0   1.8873e-01 -472.6375 356.2772 779830.1 123.42882778 -5.59643889
-818.7453 486.6741 2665.0 205.0 885265.0 34142.0 7.78183 0.0266415 -0.0380488 81.0   7.9721e+00 -817.0822 494.4708 1690440.9 123.33270556 -5.55802222
-233.6168 -536.4884 1518.0 2285.0 847673.0 36089.0 7.50435 0.0211753 -0.0268782 81.0   5.6550e-01 -233.0933 -536.7023 628058.4 123.49565833 -5.8445
-716.7361 -52.203 2476.0 1294.0 836030.0 34742.0 7.58489 0.0302236 -0.0239435 81.0   2.7317e+00 -716.6286 -49.4734 827942.2 123.36068889 -5.70912778
-137.4124 -888.3511 1335.0 2997.0 787496.0 31730.0 7.64706 -0.00634784 -0.0285077 81.0   7.2029e-01 -136.8521 -888.8037 628058.4 123.522525 -5.94230833
368.3668 -604.0099 308.0 2440.0 761200.0 26650.0 8.52741 0.0631525 -0.0529479 81.0   1.4571e+00 366.91 -603.982 645654.2 123.6632 -5.86318333
329.7469 -250.255 375.0 1726.0 758531.0 27980.0 8.19117 0.0577836 -0.0265421 81.0   8.6984e-01 328.8773 -250.2753 613762.0 123.65256389 -5.76493333
-291.5725 -974.138 1648.0 3165.0 742816.0 29521.0 7.77581 -0.000357934 -0.0204909 81.0   1.1044e+00 -290.9077 -975.0199 467735.1 123.47949722 -5.96625278
-495.6137 -552.4929 2046.0 2309.0 720037.0 30462.0 7.65446 0.025765 -0.0257995 81.0   2.2615e-01 -495.6079 -552.719 633869.7 123.42235556 -5.84893611
-471.2659 -257.3103 1988.0 1715.0 705441.0 28163.0 7.75764 0.00903791 -0.0263245 81.0   4.2635e+00 -469.4937 -253.4326 1096478.2 123.42966667 -5.76580278
-501.2049 -313.8599 2050.0 1828.0 703541.0 29629.0 7.68068 0.0386721 -0.0225753 80.0   5.4438e-01 -501.367 -313.3402 554625.7 123.42076389 -5.78244167
203.5203 -1264.6793 660.0 3766.0 701518.0 20166.0 9.3517 -0.0742943 -0.0858032 81.0   2.2643e+00 201.9805 -1263.0192 628058.4 123.61716389 -6.04625556
107.1083 -340.0896 826.0 1900.0 691570.0 26783.0 7.9176 0.0235263 -0.0252091 81.0   4.4151e-01 107.4979 -339.8819 532108.3 123.59075833 -5.78983056
-1135.6478 -563.485 3335.0 2311.0 690737.0 26913.0 7.88241 0.0345096 -0.00356107 81.0   5.1182e-01 -1135.2854 -563.1236 575439.9 123.24373611 -5.85175556
-173.722 -523.1452 1397.0 2260.0 661201.0 26180.0 7.937 0.0220362 -0.0284002 81.0   5.5392e-01 -173.1774 -523.2464 496592.3 123.51238889 -5.84076389
-1450.7467 305.5765 3943.0 550.0 607874.0 20064.0 8.78989 0.0886611 -0.0439262 81.0   3.9824e+00 -1447.2042 303.7571 639734.8 123.15680833 -5.61090278
-758.6075 -502.5051 2574.0 2200.0 597984.0 24094.0 7.96075 0.0296541 -0.0177 81.0   4.4127e-01 -759.0385 -502.5996 552077.4 123.34880278 -5.83499167
-594.6759 -833.4576 2254.0 2872.0 568458.0 21972.0 8.16224 0.0171422 -0.0222338 81.0   3.9991e-01 -594.8058 -833.8358 332659.6 123.39463333 -5.92701667
-1153.4237 383.1778 3342.0 403.0 559246.0 18980.0 8.60846 0.0407762 -0.0374961 81.0   2.0294e+00 -1151.8293 381.9222 418793.6 123.23926389 -5.58924167
-565.2371 -579.3883 2187.0 2361.0 547921.0 21580.0 8.10097 0.00979324 -0.0214248 81.0   3.0959e-01 -565.067 -579.647 343557.9 123.40295833 -5.85641111
159.4781 -223.1372 717.0 1666.0 526987.0 18702.0 8.54358 0.0299931 -0.0201758 81.0   1.2880e-01 159.5999 -223.0953 501187.2 123.60530278 -5.75738889
-94.2255 -64.8108 1223.0 1339.0 521299.0 19252.0 8.39661 0.0130342 -0.0175423 81.0   6.8382e-01 -93.8325 -64.2512 564937.0 123.53455 -5.71326667
-569.3239 -867.8025 2204.0 2942.0 512031.0 18961.0 8.28098 -0.000927818 -0.0107023 81.0   6.0460e-01 -568.9051 -868.2385 512861.4 123.40186389 -5.936575
-612.9057 -711.6526 2287.0 2626.0 510771.0 19854.0 8.27082 0.00862219 -0.0203792 81.0   5.2987e-01 -613.0152 -712.171 467735.1 123.38955833 -5.89321944
286.63 269.6901 446.0 677.0 491560.0 15589.0 9.12883 0.0384734 -0.00537572 81.0   2.5617e+00 284.3453 268.5315 414954.0 123.64011111 -5.62082222
-281.0773 -583.8821 1615.0 2379.0 477165.0 17661.0 8.4484 0.010639 -0.0193358 81.0   6.1077e-01 -280.5885 -584.2483 492039.5 123.48239444 -5.85770556
-1367.3567 440.3841 3771.0 281.0 450183.0 13790.0 9.34514 0.0571923 -0.0382592 81.0   4.3692e+00 -1364.0023 437.5844 354813.4 123.18005556 -5.57374444
-280.472 -393.7897 1608.0 1996.0 447356.0 15872.0 8.62017 0.0111902 -0.0164704 81.0   5.6179e-01 -279.9283 -393.6482 496592.3 123.48258611 -5.80476111
-240.6754 -825.4454 1541.0 2867.0 445013.0 15939.0 8.71613 0.0126602 -0.0167684 81.0   1.2232e+00 -239.8236 -826.3232 420726.6 123.49376944 -5.92495
122.3683 -35.1229 786.0 1286.0 441353.0 14717.0 9.02316 0.0359954 -0.0147661 81.0   4.1677e-01 121.952 -35.1427 331131.1 123.59478889 -5.70518056
387.9197 -221.5534 257.0 1670.0 440331.0 13478.0 9.26706 0.0519947 -0.0176826 81.0   1.2099e+00 386.7684 -221.9254 420726.6 123.668725 -5.75705556
-450.108 -1394.9958 1980.0 4008.0 439761.0 12261.0 9.62035 -0.0895582 -0.00478405 81.0   1.3559e+00 -449.5989 -1393.7391 465586.1 123.43515 -6.08255556
-401.2303 -257.705 1847.0 1718.0 439715.0 15936.0 8.78976 0.0242438 -0.0181862 81.0   4.5220e-01 -401.1605 -257.2582 469894.1 123.44874444 -5.76686944
-1429.609 -8.7475 3910.0 1184.0 437486.0 13792.0 9.21533 0.0783498 -0.0214232 81.0   1.9285e+00 -1427.6824 -8.8319 438530.7 123.16219722 -5.69773611
-512.4252 -754.7497 2086.0 2716.0 435614.0 15817.0 8.64505 0.00371362 -0.0160058 81.0   5.4961e-01 -512.13 -755.2133 467735.1 123.41772778 -5.90518333
-380.9937 -282.2038 1807.0 1768.0 433540.0 15406.0 8.70707 0.013705 -0.0161934 81.0   4.4362e-01 -380.6203 -281.9643 200447.2 123.45447778 -5.77373333
-224.2121 -8.2782 1483.0 1221.0 433275.0 14906.0 8.82456 0.00513462 -0.0170392 81.0   9.3370e-01 -223.7601 -7.4612 463446.9 123.49828056 -5.69748889
-1247.1367 -547.8564 3559.0 2276.0 423287.0 40062.0 10.7718 0.225669 -0.00371617 81.0   4.2831e+00 -1242.8616 -547.596 625172.7 123.2137 -5.847425
-909.4073 537.3691 2846.0 100.0 409866.0 13087.0 9.39247 0.00429999 -0.0415026 81.0   2.4034e+00 -908.1299 535.3333 522396.2 123.3073 -5.54666111
-1179.8796 -199.8918 3413.0 1577.0 408379.0 13748.0 9.07434 0.0317461 -0.0204416 81.0   6.8456e-01 -1179.6244 -199.2566 314774.8 123.23141389 -5.750675
-1094.3964 355.3146 3224.0 461.0 402354.0 10825.0 10.1779 0.069018 -0.0687139 81.0   1.0575e+00 -1093.3545 355.1336 394457.3 123.25558056 -5.59669167
486.4721 -301.4068 61.0 1834.0 400379.0 11190.0 9.7012 0.0590114 -0.0227732 81.0   2.1663e+00 484.3448 -301.8161 332659.6 123.69597222 -5.77924167
-716.901 -41.287 2476.0 1272.0 395441.0 13551.0 9.07983 0.0221858 -0.0182276 81.0   8.1909e+00 -716.6286 -49.4734 827942.2 123.36068889 -5.70912778
-1368.0294 386.2768 3774.0 390.0 395224.0 11582.0 9.58812 0.0491956 -0.0363805 81.0   3.7797e+00 -1364.7241 384.4435 354813.4 123.17984444 -5.58850556
-326.7051 -160.7547 1694.0 1525.0 394000.0 45405.0 8.44196 0.0334254 0.0291038 70.0   1.2500e+00 -327.6895 -161.5251 450816.7 123.46926111 -5.74028056
-1190.6911 55.5338 3427.0 1062.0 393819.0 12788.0 9.20434 0.0279324 -0.020288 81.0   7.7869e-01 -1189.93 55.6989 487528.5 123.22857778 -5.67985278
-1026.5833 41.7198 3097.0 1095.0 393453.0 11469.0 9.49751 0.0416152 0.00863468 81.0   9.6824e-01 -1026.1516 42.5865 279254.4 123.27429444 -5.68351944
-256.9241 250.2794 1541.0 699.0 392157.0 12758.0 9.18991 0.00337846 -0.0179303 81.0   7.3091e-01 -257.2261 250.945 405508.5 123.48894722 -5.62570833
-576.2266 -410.8179 2204.0 2021.0 390897.0 13879.0 8.97818 0.0146127 -0.0156838 81.0   4.2792e-01 -575.7987 -410.8198 210862.8 123.399975 -5.80951389
-592.4218 -884.045 2251.0 2974.0 388831.0 13208.0 8.98861 -0.00401341 -0.00459004 80.0   9.4540e-01 -592.2046 -884.9651 314774.8 123.39535556 -5.94121944
-212.8948 -494.4755 1475.0 2201.0 388161.0 13033.0 9.049 0.00402093 -0.0162801 81.0   6.5837e-01 -212.2366 -494.4901 381944.3 123.50148333 -5.832775
-1517.6905 430.0945 4074.0 297.0 382045.0 10671.0 9.86813 0.0711807 -0.0339176 81.0   6.0767e+00 -1512.718 426.6016 331131.1 123.13854722 -5.57676667
-1072.877 -1036.4709 3223.0 3266.0 380943.0 11429.0 9.50082 0.0126857 0.0251869 81.0   1.0894e+00 -1071.8845 -1036.0217 252348.1 123.26136944 -5.983125
-325.7573 -815.3597 1712.0 2844.0 368336.0 12508.0 9.16506 0.0072016 -0.0161454 81.0   4.8596e-01 -325.2966 -815.205 340408.2 123.4699 -5.92185833
-710.7117 436.7467 2449.0 309.0 360588.0 10924.0 9.56714 0.00695186 -0.0292042 81.0   1.0844e+00 -711.7103 437.1693 399944.7 123.36210833 -5.57395
-1511.9703 -178.7763 4081.0 1524.0 359017.0 10316.0 9.83224 0.0674911 -0.0135734 81.0   2.8465e+00 -1509.223 -178.0314 242102.9 123.1394 -5.74471944
-320.2295 -457.9373 1690.0 2124.0 357856.0 10988.0 9.39719 -0.00542716 -0.0108557 81.0   8.6073e-01 -319.4745 -457.524 387257.6 123.47154167 -5.82250278
-1329.4041 -395.2886 3720.0 1966.0 357528.0 10560.0 9.55199 0.0526759 -0.00300765 81.0   5.6255e-01 -1328.8618 -395.1388 204173.8 123.18971389 -5.80506111
-748.7775 -166.8526 2544.0 1524.0 344921.0 11054.0 9.18833 0.0171026 -0.0109869 79.0   8.7549e-01 -748.1886 -166.2048 430526.6 123.35186667 -5.74155
-1377.5264 -1089.3717 3838.0 3363.0 338335.0 8298.0 10.3712 0.0376179 0.0477289 81.0   3.7439e+00 -1374.1744 -1087.7039 183653.8 123.17693056 -5.99743056
-1016.5248 296.4789 3069.0 582.0 333467.0 9918.0 9.68097 0.0174777 -0.0200181 81.0   5.6853e-01 -1015.9565 296.4626 396278.0 123.277175 -5.613
-119.1091 -258.7566 1279.0 1729.0 331463.0 9859.0 9.59411 0.014185 -0.0109035 81.0   1.9915e+00 -117.1749 -258.2824 356451.1 123.52803056 -5.76716389
-506.6933 -641.0074 2071.0 2487.0 328859.0 10522.0 9.11814 0.0243195 0.0016411 78.0   1.2318e-01 -506.5883 -641.0718 448745.4 123.41928333 -5.87347778
-1163.9691 555.2292 3358.0 56.0 325339.0 9079.0 10.0282 0.0204171 -0.0308486 81.0   3.4747e+00 -1161.4483 552.8378 156314.8 123.23660556 -5.54176389
-686.3415 467.4017 2399.0 248.0 324945.0 9444.0 9.91852 -0.0028584 -0.0283913 81.0   1.1038e+00 -685.6935 466.5081 242102.9 123.36937222 -5.56580278
62.1661 -291.1618 915.0 1800.0 318523.0 9425.0 9.7463 0.0127598 -0.011634 81.0   2.7944e+00 64.7983 -292.1001 297851.6 123.57883611 -5.77655833
-40.0591 -757.2957 1135.0 2736.0 318380.0 9435.0 9.60946 0.0160055 -0.0158739 80.0   8.6286e-01 -39.2814 -757.6695 149279.4 123.549775 -5.90588333
-609.5066 -476.3532 2273.0 2152.0 315880.0 10236.0 9.20929 0.0264685 0.00282072 78.0   3.0437e-01 -609.4852 -476.0496 222843.5 123.39056389 -5.82763056
-636.4775 -466.3523 2327.0 2131.0 312484.0 10017.0 9.60485 0.00676878 -0.0107042 81.0   2.7566e-01 -636.3188 -466.5777 219786.0 123.38307222 -5.82499722
-256.0965 -922.4648 1575.0 3062.0 309225.0 9163.0 9.81357 8.42432e-05 -0.0148424 81.0   1.0820e+00 -255.2982 -923.1951 208929.6 123.48944444 -5.95185833
-70.4793 -25.7284 1174.0 1261.0 302506.0 8568.0 9.9458 0.0168519 -0.00880993 81.0   4.2464e-01 -70.1421 -25.4703 242102.9 123.54116389 -5.70249444
448.1627 -823.1205 154.0 2884.0 299762.0 7090.0 10.7251 0.0270314 -0.0398423 81.0   2.5689e+00 445.6377 -822.6478 205116.2 123.68519722 -5.92391944
-634.415 -1359.1639 2350.0 3930.0 297766.0 7301.0 10.3175 -0.0255262 0.00950616 80.0   1.1603e+00 -633.61 -1358.3284 151356.1 123.38375 -6.07270556
-24.3685 -1204.217 1117.0 3637.0 296569.0 7611.0 10.501 -0.0379373 -0.0295829 81.0   5.0267e-01 -24.5247 -1203.7393 353183.2 123.55389444 -6.02979167
-755.0771 -210.1292 2558.0 1611.0 295314.0 8940.0 9.4751 0.0221992 -0.0305838 78.0   1.5099e+01 -766.6455 -219.8317 1037528.4 123.34670833 -5.75644444
-188.8918 -307.9879 1421.0 1826.0 294521.0 8978.0 9.52369 0.028088 0.00606371 78.0   7.3930e-01 -188.398 -307.4377 383707.2 123.50814444 -5.78081667
-642.7844 -114.574 2329.0 1422.0 293416.0 9129.0 9.51859 0.0307514 0.00649402 78.0   8.0727e-01 -642.9258 -113.7792 223872.1 123.38125833 -5.72699722
-680.8223 -1147.4725 2437.0 3502.0 289222.0 7632.0 10.1655 -0.0138376 0.00287081 81.0   8.7775e-01 -679.9811 -1147.723 181970.1 123.37081667 -6.0142
-239.1497 -71.5417 1515.0 1348.0 286254.0 8192.0 9.7625 0.0237523 -0.000417439 79.0   9.4690e-01 -238.3005 -71.1228 211836.1 123.49421944 -5.71517222
-216.3815 229.5719 1460.0 742.0 283811.0 7606.0 10.179 0.00720098 -0.00897384 81.0   5.0714e-01 -216.0432 229.9497 187068.2 123.50044167 -5.63154167
-446.2211 -139.7922 1934.0 1479.0 281801.0 7787.0 10.0721 0.00609941 -0.00725787 81.0   6.1335e-01 -445.8588 -139.2973 194088.6 123.43627222 -5.7341
-1395.2852 283.6132 3832.0 596.0 280962.0 7013.0 10.378 0.0655474 -0.0187355 80.0   3.2359e+00 -1392.5128 281.9443 144544.0 123.17206944 -5.61697222
172.1292 -1323.7331 725.0 3884.0 280819.0 5765.0 11.1663 -0.047132 -0.0440291 81.0   3.0476e+00 170.3124 -1321.2863 121338.9 123.60831944 -6.06244167
-616.2573 398.0221 2260.0 390.0 278193.0 7859.0 9.60332 0.0298455 -0.00721554 76.0   4.9583e-01 -616.7498 398.0795 217771.0 123.38860833 -5.58481667
156.7699 -1391.9662 758.0 4021.0 274438.0 5591.0 11.172 -0.0598838 -0.0530207 80.0   3.2212e+00 154.8837 -1389.355 192309.2 123.60401111 -6.08135
-1267.3747 233.0038 3576.0 702.0 270860.0 6785.0 10.3913 0.0384603 -0.0259446 80.0   2.9569e+00 -1264.4505 232.5659 254683.0 123.20780556 -5.63071111
-706.8501 82.4488 2452.0 1023.0 266304.0 7615.0 9.6994 0.0388915 0.000854332 77.0   1.0833e+00 -706.634 83.5103 155596.6 123.36349167 -5.67218889
-1285.4588 -509.7437 3635.0 2198.0 263916.0 6748.0 10.3586 0.0496438 -0.00113232 80.0   1.1405e+00 -1284.3188 -509.7813 173780.1 123.20213056 -5.83691389
-1042.1362 -1164.5324 3165.0 3525.0 261891.0 6033.0 10.8412 -0.00300253 0.022015 81.0   1.7196e+00 -1040.5091 -1163.9759 126473.6 123.27011389 -6.01867222
233.8101 -475.0889 575.0 2176.0 258725.0 6953.0 10.0113 0.051644 -0.00361079 77.0   4.2840e-01 233.3869 -475.0224 155596.6 123.62591111 -5.82736667
-1137.1185 -235.95 3328.0 1651.0 258136.0 7263.0 9.8655 0.0521414 0.000721203 77.0   6.9730e-01 -1137.1393 -235.253 139315.7 123.24326944 -5.76068056
509.3936 -602.3029 24.0 2441.0 255541.0 5862.0 10.499 0.0644648 -0.0559384 77.0   2.8419e+00 506.5962 -601.8017 153461.7 123.70220556 -5.86256944
188.5134 -1224.7135 689.0 3685.0 255487.0 5158.0 11.349 -0.0163839 -0.033853 81.0   2.8954e+00 186.2422 -1222.9177 153461.7 123.61276667 -6.03511667
398.5648 158.7788 224.0 904.0 253726.0 6050.0 10.1202 0.0551609 -0.00333279 76.0   2.8713e+00 395.8754 157.7731 139958.7 123.67124722 -5.65158333
61.2194 -1182.0352 944.0 3595.0 251967.0 5663.0 10.9522 -0.0226903 -0.0355842 80.0   2.0544e-01 61.2294 -1181.83 157036.3 123.57784722 -6.02370556
506.3301 -498.1277 27.0 2231.0 249990.0 5576.0 10.5991 0.052776 -0.0399947 78.0   2.0394e+00 504.3041 -498.3611 152054.8 123.70155833 -5.83383611
-85.3458 -159.4654 1208.0 1530.0 246806.0 6734.0 9.60141 0.0437319 -0.028025 74.0   1.1289e+00 -84.336 -158.9608 143879.9 123.5372 -5.739575
-1493.0585 -477.2535 4052.0 2126.0 245688.0 5840.0 10.1967 0.0731154 0.000722507 76.0   2.5330e+00 -1490.6084 -476.6105 197697.0 123.14453611 -5.82766111
-389.5191 -46.5945 1817.0 1293.0 245394.0 6623.0 9.79716 0.0324616 -0.00964858 76.0   9.3826e-01 -388.893 -45.8957 124738.4 123.45218056 -5.70815833
-1211.7575 562.4234 3454.0 40.0 240357.0 5633.0 10.2363 0.0424074 -0.0235736 76.0   4.0855e+00 -1209.0088 559.4008 178648.8 123.22333333 -5.53993333
-1122.19 189.6125 3285.0 794.0 239418.0 6270.0 9.90803 0.0500592 0.015205 75.0   4.7443e-01 -1122.6347 189.4472 162929.6 123.24738333 -5.64271111
-277.0623 -1408.6702 1632.0 4041.0 239186.0 5018.0 11.0235 -0.0778615 -0.0194566 79.0   1.7213e+00 -276.8836 -1406.9581 103276.1 123.48339722 -6.08623611
-385.5521 512.7977 1792.0 166.0 235986.0 5661.0 10.3866 -0.00774119 -0.0111409 77.0   2.9343e+00 -384.906 509.9354 183653.8 123.45332222 -5.55376111
-764.1327 356.5041 2559.0 469.0 234479.0 6529.0 9.28741 0.0113709 0.00405891 71.0   2.7598e+00 -761.5537 355.5215 283139.2 123.34818889 -5.596625
-251.2493 -1407.7706 1580.0 4040.0 227163.0 4683.0 10.8731 -0.046044 -0.0329964 77.0   1.3245e+00 -252.2928 -1406.9548 178648.8 123.49026667 -6.08623611
-945.7364 -608.6591 2954.0 2408.0 222766.0 6428.0 9.1713 0.0270044 0.00704382 70.0   1.6359e-01 -945.8561 -608.5476 104231.7 123.296625 -5.8644
-849.2866 -1009.6516 2772.0 3219.0 221801.0 5785.0 9.45654 0.0287364 0.0401004 71.0   4.6755e-01 -848.8662 -1009.8562 137404.2 123.32366111 -5.97588611
-516.9984 567.3223 2055.0 52.0 218867.0 5177.0 10.1579 -0.0453829 0.0167951 74.0   1.6137e+00 -516.6486 565.747 146554.8 123.41655833 -5.53825
-1106.3462 -1122.3575 3293.0 3438.0 218772.0 5112.0 10.2908 0.0687112 0.0767848 73.0   1.9891e+00 -1104.7971 -1121.1097 118032.1 123.25216389 -6.00675556
-246.2641 498.0997 1512.0 200.0 218626.0 5386.0 9.65487 0.0377701 0.0292073 71.0   1.0656e+00 -247.0645 497.3963 120781.4 123.49179167 -5.55725
-135.992 -785.0985 1329.0 2789.0 217620.0 5918.0 9.29764 -0.0164986 0.0126206 70.0   8.4883e-01 -135.3173 -785.6136 127057.4 123.52295556 -5.91364444
-120.2619 -1070.2252 1306.0 3364.0 214975.0 5138.0 9.94915 -0.0386503 -0.0224646 73.0   3.2985e-01 -119.9325 -1070.2426 127643.9 123.52724722 -5.99270833
-925.4829 -601.3945 2913.0 2394.0 210479.0 5723.0 9.21414 0.0810725 0.0215598 69.0   2.1696e-01 -925.6954 -601.4384 133659.6 123.30225556 -5.86242778
-965.2904 554.3628 2958.0 64.0 207891.0 4830.0 9.99014 0.0498453 -0.034889 72.0   2.0096e+00 -967.2904 554.1668 219786.0 123.29079167 -5.54142222
-1248.2406 -1033.7514 3576.0 3255.0 206675.0 4496.0 10.2745 0.0130629 0.0847148 72.0   2.1960e+00 -1246.4016 -1032.5511 127057.4 123.21262778 -5.98213333
-1216.6055 -398.9856 3493.0 1977.0 206130.0 5297.0 9.41647 0.0610058 0.0250893 69.0   1.0009e+00 -1216.8673 -398.0195 131220.0 123.22098333 -5.80588056
63.5678 10.6106 903.0 1192.0 202092.0 4789.0 9.65874 0.0231916 0.00747162 70.0   3.1561e-01 63.2655 10.5199 124738.4 123.57840556 -5.69249722
-1379.9824 -104.7507 3813.0 1379.0 201745.0 4766.0 9.9501 0.108769 -0.0265127 71.0   1.4930e+00 -1378.4921 -104.8393 138038.4 123.17591111 -5.72441389
-1413.2751 389.5404 3865.0 382.0 201530.0 4578.0 10.096 0.106561 -0.0576987 71.0   4.5110e+00 -1409.5518 386.9937 139315.7 123.16733333 -5.58778889
161.3466 475.1862 692.0 259.0 199556.0 4475.0 9.88184 0.0616611 -0.00771112 70.0   3.0715e+00 159.2254 472.9648 131825.7 123.60518333 -5.56403889
-935.4732 586.0956 2897.0 1.0 197132.0 6712.0 7.94333 0.351115 -0.00269144 55.0   2.4362e+00 -933.9403 584.2021 163681.7 123.30010278 -5.53308333
38.2586 -648.375 974.0 2519.0 195548.0 5288.0 8.85589 0.024416 -0.00176987 65.0   3.9877e-01 38.078 -648.0195 98627.9 123.57137778 -5.875425
87.8255 -82.8111 857.0 1381.0 194650.0 4866.0 9.33724 0.0811305 0.0391741 67.0   2.4271e-01 87.79 -82.571 131220.0 123.58525278 -5.71835556
-1398.1261 -185.9311 3852.0 1542.0 194566.0 4547.0 9.80799 0.157856 -0.034025 69.0   2.0289e+00 -1396.0987 -185.8518 124165.2 123.17098056 -5.74691389
129.9489 -1260.3694 808.0 3755.0 194105.0 3939.0 10.5149 -0.0640975 -0.0996489 71.0   8.9710e-01 129.0581 -1260.2632 156314.8 123.59679444 -6.04549167
-811.4939 466.9353 2651.0 245.0 192597.0 4675.0 9.31584 -0.0148222 -0.0559573 67.0   3.0408e-01 -811.5774 466.6429 245470.9 123.33423889 -5.56575278
-460.8422 -322.659 1969.0 1847.0 189815.0 5163.0 8.93035 0.0446319 0.00106302 65.0   2.3598e-01 -460.7825 -322.4307 134896.3 123.43209444 -5.78496944
278.8924 -1223.7977 507.0 3686.0 189051.0 3532.0 10.9288 -0.0611362 -0.10836 72.0   2.9232e+00 276.828 -1221.728 110662.4 123.63806944 -6.03478333
-432.0233 399.9079 1889.0 392.0 188956.0 5029.0 8.68817 0.0882581 0.0272406 63.0   3.7657e-01 -432.3894 399.996 139958.7 123.44006389 -5.58429722
-998.0802 -1056.147 3073.0 3308.0 188491.0 4493.0 9.5174 0.0704047 0.0838428 67.0   1.0660e+00 -997.0142 -1056.1437 118576.9 123.28227778 -5.988725
-1504.7619 -162.7821 4066.0 1492.0 188099.0 4294.0 9.66329 0.148354 -0.0311284 67.0   2.5322e+00 -1502.2888 -163.3262 124738.4 123.14133889 -5.74063611
206.7174 -489.9049 630.0 2205.0 187302.0 4432.0 9.40327 0.0280124 -0.0480026 67.0   4.9461e-01 206.7139 -490.3995 108143.4 123.61846389 -5.83163889
-905.0495 -606.0382 2872.0 2404.0 185518.0 5044.0 8.74597 0.0843364 -0.0168656 64.0   9.3346e-01 -905.7877 -606.6095 108143.4 123.30781389 -5.86386667
384.5072 -949.1826 286.0 3136.0 184549.0 3802.0 10.2319 -0.00707567 -0.0985311 69.0   1.5466e+00 383.0394 -948.6951 106659.6 123.66772222 -5.95893611
-1174.5641 -781.9688 3420.0 2750.0 182869.0 4479.0 9.37786 0.132115 0.02193 66.0   8.6180e+00 -1166.0071 -782.9921 30478.9 123.23512222 -5.912825
-370.0889 -1267.1891 1815.0 3753.0 182551.0 4003.0 9.6563 -0.147049 0.000708036 67.0   5.3672e-01 -369.6349 -1266.9028 114815.4 123.45749444 -6.04732778
-409.2048 138.7142 1851.0 919.0 182284.0 4746.0 8.90189 0.0874912 0.0198351 64.0   9.8632e-01 -409.1987 139.7005 149968.5 123.44652222 -5.65660278
-992.8088 -57.0125 3032.0 1295.0 182223.0 8878.0 8.27204 -0.0429621 -0.0457825 61.0   6.2689e-01 -993.2959 -56.6179 131825.7 123.28345278 -5.71108056
-920.9579 -802.3253 2910.0 2799.0 181928.0 4626.0 9.01126 -0.00945334 0.0252472 65.0   3.0544e-01 -920.6698 -802.4268 121338.9 123.30363333 -5.91825833
-834.4614 -1070.4649 2744.0 3342.0 181217.0 4421.0 9.15245 0.0343724 0.0543727 65.0   9.3716e-01 -833.6537 -1070.9401 86297.9 123.32790278 -5.99285556
-1354.5181 -409.5774 3771.0 1994.0 179804.0 4325.0 9.2356 0.146572 0.00155267 65.0   1.1948e+00 -1353.3861 -409.1949 100461.6 123.18286389 -5.80896111
-46.1466 -124.1119 1128.0 1460.0 178971.0 4378.0 9.20887 0.0358043 -0.0381567 65.0   6.6539e-01 -45.602 -123.7296 127057.4 123.54801389 -5.72978889
-334.9979 585.5511 1688.0 21.0 176653.0 4237.0 8.96669 -0.00614676 0.0175431 63.0   2.0133e+00 -335.3216 583.564 126473.6 123.46716389 -5.53331111
-899.5703 83.4082 2840.0 1015.0 176437.0 4489.0 8.77842 -0.0116263 -0.0418868 63.0   8.0190e-01 -899.4854 84.2056 113240.0 123.30965833 -5.671975
-1015.2996 -113.4458 3079.0 1408.0 176134.0 4442.0 8.96384 0.0253504 -0.0184462 64.0   5.9896e-01 -1015.3481 -112.8488 108642.6 123.27728889 -5.72669722
-17.6922 -1152.9938 1102.0 3534.0 175246.0 4113.0 9.51916 -0.0972239 -0.0890204 65.0   1.8149e-01 -17.5439 -1152.8892 105196.2 123.55584444 -6.01566667
-82.6293 -1062.6891 1230.0 3350.0 174359.0 4128.0 9.21588 -0.0211665 -0.0849799 64.0   3.7666e-01 -82.2994 -1062.8708 108143.4 123.53775833 -5.99066111
-156.7195 -662.3399 1367.0 2541.0 173297.0 4832.0 8.32248 0.0642462 0.0268867 60.0   6.6975e-01 -156.1455 -662.685 110153.9 123.51714167 -5.87949722
-222.8467 -1117.9839 1514.0 3457.0 173090.0 4257.0 8.84236 -0.0907538 -0.0712976 62.0   6.7784e-01 -222.305 -1118.3913 108642.6 123.49865278 -6.00608056
357.8849 -764.9749 334.0 2764.0 172260.0 3626.0 9.8491 0.032934 -0.0947749 66.0   1.5525e+00 356.357 -765.2502 78343.0 123.66026111 -5.90798056
-242.4438 -50.7486 1521.0 1306.0 169999.0 4144.0 9.0983 0.0944153 0.0403315 63.0   2.7081e-01 -242.6413 -50.5633 144544.0 123.49300833 -5.70946111
-341.7067 -680.119 1740.0 2571.0 167640.0 4453.0 8.38431 0.0513055 -0.0382705 60.0   1.0435e+00 -341.035 -680.9176 110153.9 123.46551111 -5.88455556
-1452.7543 -1106.9249 3990.0 3396.0 165844.0 3341.0 9.94672 0.0677649 0.135727 64.0   4.7205e+00 -1448.7621 -1104.4059 77268.1 123.15609444 -6.00205556
-1348.2334 -102.2695 3749.0 1375.0 165750.0 4022.0 9.08965 0.193551 -0.0515071 62.0   1.5323e+00 -1346.7032 -102.1883 89536.5 123.18478611 -5.72368333
-1086.137 71.56 3216.0 1033.0 164208.0 4319.0 8.36451 0.0309198 -0.0454514 59.0   2.9790e-01 -1086.1705 71.856 125314.1 123.25754444 -5.67538056
-355.4313 590.1948 1729.0 11.0 161910.0 4047.0 8.49092 0.0601127 0.0323135 59.0   1.6309e+00 -355.9559 588.6506 123026.9 123.46140556 -5.53189722
-326.3116 -252.5641 1696.0 1710.0 160687.0 4094.0 8.45593 0.0972927 -0.0447755 59.0   6.7902e-01 -325.6353 -252.6248 108143.4 123.46983056 -5.76558611
-806.2838 -1160.3513 2690.0 3524.0 159562.0 3805.0 8.7356 -0.0500224 0.0601915 60.0   1.0899e+00 -805.2236 -1160.0989 99083.2 123.33583333 -6.017625
-1521.9384 349.6276 4085.0 459.0 159268.0 3463.0 9.41108 0.156208 -0.0805277 62.0   2.0440e+00 -1521.2029 351.5347 21281.4 123.13616389 -5.59761667
-254.871 -806.3114 1569.0 2828.0 157195.0 4154.0 8.207 0.093274 -0.0290336 58.0   1.7756e+00 -253.5125 -807.4548 80537.8 123.48994722 -5.91970833
-829.7244 -726.4549 2724.0 2649.0 156419.0 4315.0 7.99328 0.0746716 0.00743194 57.0   6.4470e-01 -829.2208 -726.8574 111173.2 123.32918056 -5.89727778
-880.2369 -78.5799 2806.0 1342.0 156124.0 4308.0 7.69189 0.00735522 -0.00761041 55.0   1.2644e+00 -880.7086 -77.4068 140604.8 123.31488056 -5.71686944
-723.1029 435.0642 2474.0 312.0 155130.0 3796.0 8.35835 0.0665507 -0.0378365 58.0   1.4518e+00 -721.6523 435.0059 158489.3 123.35933333 -5.57455
167.782 -1298.9861 733.0 3834.0 154698.0 3162.0 9.52344 -0.152932 -0.0937166 61.0   2.0234e+00 166.6251 -1297.326 101391.1 123.60728889 -6.05578611
-1333.5454 -844.5049 3742.0 2871.0 153954.0 3759.0 8.36922 0.0706712 0.0591825 57.0   1.3086e+00 -1332.2875 -844.1443 118032.1 123.188675 -5.92978333
50.7431 -1376.2522 971.0 3986.0 153917.0 3013.0 9.64315 -0.0773812 -0.113233 62.0   3.0133e+00 49.5394 -1373.4897 96827.8 123.57458333 -6.07694444
-620.5858 92.7299 2278.0 1005.0 152736.0 4250.0 7.78081 0.0437789 -0.0351605 55.0   9.8943e-01 -620.3815 93.698 99540.5 123.38756944 -5.66936667
-8.9802 539.0294 1033.0 125.0 152323.0 3492.0 8.72887 0.101761 0.0334951 59.0   2.3155e+00 -10.1831 537.0509 94189.0 123.55790278 -5.54623889
404.8641 -324.0227 226.0 1877.0 151913.0 3449.0 9.11881 0.197614 -0.0384143 60.0   1.4819e+00 403.3939 -324.2087 99083.2 123.67337222 -5.78546667
412.3194 -982.0002 231.0 3203.0 151887.0 3059.0 9.89584 0.100935 -0.152946 62.0   2.7508e+00 409.7378 -981.0503 85901.4 123.67518056 -5.96792222
297.0847 -1343.1218 474.0 3927.0 149969.0 2835.0 10.1174 -0.121207 -0.151897 62.0   5.0533e+00 296.9286 -1338.0709 186208.7 123.64368889 -6.0671
-860.3374 182.2886 2758.0 817.0 149723.0 3717.0 8.42405 0.0901082 -0.0368195 58.0   1.7671e+00 -859.3941 183.7829 219786.0 123.32086111 -5.64431944
264.8152 -587.7609 516.0 2404.0 148737.0 3645.0 8.55622 0.0693495 -0.0817064 58.0   3.9608e-01 264.5304 -588.0362 87498.4 123.63461111 -5.85875833
-887.3926 296.5112 2809.0 586.0 146632.0 3764.0 7.89688 0.0440887 -0.0351393 55.0   7.3306e-01 -886.9085 297.0617 108642.6 123.31319444 -5.61285
-441.1376 -180.4094 1925.0 1561.0 146373.0 4022.0 7.92337 0.0875664 -0.0195925 55.0   5.7750e-01 -440.7557 -179.9762 84333.5 123.43769444 -5.7454
-401.2607 -1044.8374 1871.0 3304.0 146213.0 3867.0 7.89361 -0.0425895 0.0308488 55.0   7.8405e-01 -400.7457 -1045.4286 99540.5 123.44881667 -5.98580556
-382.3462 267.6756 1793.0 660.0 144856.0 3693.0 7.9436 0.00734957 -0.00522082 55.0   7.3307e-01 -382.7814 267.0857 243220.4 123.45390278 -5.62121944
-1047.7856 -1283.7327 3180.0 3765.0 144106.0 3404.0 8.28164 0.0274288 0.09604 55.0   1.9222e+00 -1045.936 -1283.2093 120781.4 123.26858056 -6.05179167
-564.9239 -106.9057 2172.0 1409.0 143780.0 3681.0 7.97452 0.0901656 -0.0432964 55.0   8.3861e-01 -564.6705 -106.1063 106169.6 123.40310556 -5.72487222
-1365.6988 -294.1142 3790.0 1761.0 141718.0 3536.0 8.31682 0.269292 -0.0176857 55.0   1.3519e+00 -1364.3568 -293.9513 89536.5 123.17982222 -5.77694722
421.3217 394.8769 171.0 429.0 140333.0 3128.0 8.83642 0.171523 0.0578486 57.0   4.5951e+00 417.7556 391.979 65463.6 123.67734167 -5.586525
-1380.2613 538.4499 3794.0 83.0 139523.0 3235.0 8.34375 0.073775 -0.0867905 55.0   5.5811e+00 -1376.1485 534.6772 98627.9 123.17668333 -5.54677222
29.9996 424.4967 958.0 357.0 139235.0 3073.0 9.08085 0.149007 -0.079387 57.0   1.5141e+00 30.1556 422.9907 118576.9 123.56916111 -5.57792222
-688.8663 -910.8631 2446.0 3025.0 139064.0 3839.0 7.50293 0.0693089 0.0381206 52.0   6.5655e-01 -688.6052 -911.4655 95060.5 123.36843056 -5.94857222
368.5899 -388.6122 301.0 2006.0 138325.0 3430.0 8.23286 0.212718 -0.0764504 54.0   1.1939e+00 367.4165 -388.3919 75857.8 123.66333056 -5.80329722
-512.0878 -514.0389 2078.0 2231.0 137444.0 3838.0 7.58513 0.0157947 -0.0480288 52.0   9.0993e-01 -511.8028 -514.903 124165.2 123.41783611 -5.83843056
237.7137 548.8392 536.0 113.0 136607.0 3047.0 8.52336 0.079689 0.052156 56.0   4.8910e+00 234.6864 544.9977 89125.1 123.62624167 -5.54402778
302.9908 -1339.5554 462.0 3920.0 134084.0 2643.0 9.4294 -0.1075 -0.163843 57.0   6.2413e+00 296.9286 -1338.0709 186208.7 123.64368889 -6.0671
-1418.1964 -928.7096 3915.0 3038.0 133620.0 3095.0 8.6927 0.270529 0.112502 54.0   3.1565e+00 -1415.352 -927.3409 85901.4 123.16546111 -5.95287778
117.7208 -1174.2043 830.0 3581.0 133351.0 3074.0 8.56033 -0.0645539 -0.155725 54.0   9.3705e-01 117.1 -1173.5025 60534.1 123.59345278 -6.02139167
484.6973 -808.6533 80.0 2856.0 133165.0 2950.0 9.02475 0.113649 -0.174395 55.0   2.6236e+00 482.0955 -808.316 73790.4 123.69537778 -5.91993611
-1493.0712 345.6119 4027.0 468.0 133089.0 3428.0 7.6702 0.101991 -0.0571494 51.0   4.5372e+00 -1489.1804 343.2778 104712.9 123.1451 -5.59991667
-40.4075 -405.4244 1125.0 2027.0 131852.0 3612.0 7.47474 0.091119 -0.0108473 51.0   6.7732e-01 -39.7459 -405.5695 87902.3 123.54964722 -5.80807778
-57.0656 -1209.6908 1183.0 3647.0 131740.0 3189.0 8.14275 -0.121487 -0.0906389 53.0   7.4860e-01 -57.1731 -1208.9499 82413.8 123.544775 -6.03123889
469.4376 -456.0223 100.0 2145.0 130900.0 3092.0 8.39103 0.19533 -0.0881997 53.0   2.2566e+00 467.2068 -456.3623 66374.3 123.69119722 -5.82217222
-651.6794 -676.5247 2364.0 2554.0 130515.0 3782.0 7.03902 0.0672702 -0.00365777 49.0   8.5691e-01 -651.3429 -677.3128 76913.0 123.37885833 -5.88353333
-397.7447 432.2066 1819.0 328.0 129768.0 3389.0 7.43926 0.0269922 -0.0179575 51.0   2.6472e-01 -397.8203 431.9529 99540.5 123.44971389 -5.57542222
-252.2489 433.9835 1526.0 329.0 129323.0 3451.0 7.32913 0.0690397 -0.018712 50.0   7.0887e-01 -252.9092 433.7256 92045.0 123.49015833 -5.57493611
264.8379 -194.6909 504.0 1612.0 128709.0 3301.0 7.71088 0.209061 -0.0335827 51.0   5.5394e-01 264.3823 -195.006 74131.0 123.63455556 -5.74958333
-703.9849 451.7408 2435.0 279.0 128488.0 3460.0 7.21037 0.0604294 -0.0482151 49.0   9.0740e-01 -703.7228 450.8721 121338.9 123.36433889 -5.57014444
-1313.6798 -1041.722 3708.0 3269.0 128030.0 3020.0 8.08989 0.00634611 0.102657 52.0   2.7053e+00 -1311.371 -1040.3121 79067.9 123.19448056 -5.98427778
-386.8327 -1079.353 1843.0 3374.0 126165.0 3467.0 7.1863 -0.0504457 -0.0177311 49.0   1.2826e+00 -385.7114 -1079.9757 75857.8 123.45301389 -5.99540278
-748.4165 -1210.0698 2575.0 3626.0 125305.0 3085.0 7.75396 -0.0901213 0.0599302 51.0   7.4560e-01 -747.7828 -1209.677 79067.9 123.35187222 -6.03140278
-148.5555 -643.8492 1350.0 2504.0 124381.0 3434.0 7.19107 0.0259813 -0.0177732 49.0   8.3714e-01 -147.9203 -644.3945 83176.4 123.51943889 -5.87441667
-1048.2052 -1124.4269 3176.0 3444.0 123834.0 3154.0 7.73504 0.0145803 0.121983 50.0   1.5407e+00 -1046.8752 -1123.649 68865.2 123.26834167 -6.00746944
-616.1717 -857.1195 2298.0 2919.0 123789.0 3362.0 7.19163 0.0663758 -0.00128394 49.0   7.2267e-01 -616.5019 -857.7623 95499.3 123.38857222 -5.93366111
-769.5253 516.2284 2565.0 147.0 123759.0 3264.0 7.23207 -0.0213234 -0.0457403 49.0   1.5916e+00 -768.8673 514.7792 95060.5 123.34616389 -5.55238611
-846.2844 -221.9764 2742.0 1632.0 123106.0 3665.0 6.92198 0.0717025 -0.0336519 47.0   7.6733e-01 -846.5101 -221.243 89125.1 123.32441111 -5.75682778
-865.9966 -626.769 2794.0 2447.0 122167.0 3625.0 6.89056 0.0763391 -0.02128 47.0   4.5088e-01 -866.446 -626.7325 90364.9 123.31879722 -5.86946111
-364.3175 -860.1329 1791.0 2933.0 122144.0 3525.0 6.86839 0.0975132 -0.0616278 47.0   9.3237e-01 -363.8714 -860.9516 85901.4 123.459125 -5.93456389
-878.8766 -234.3968 2808.0 1656.0 122035.0 3628.0 6.91977 0.0384299 -0.014354 47.0   6.1594e-01 -879.1095 -233.8266 91201.1 123.31530833 -5.76031944
200.7369 563.6468 610.0 82.0 121823.0 2930.0 7.58788 0.0462326 0.0520396 50.0   3.4445e+00 197.7614 561.9115 93325.4 123.61593611 -5.53933056
-272.271 -1298.4167 1619.0 3819.0 121461.0 2963.0 7.88922 -0.231644 -0.0470488 50.0   8.7952e-01 -271.7378 -1297.7173 83946.0 123.48483889 -6.05589167
-1082.5137 -891.7019 3238.0 2974.0 119556.0 3349.0 7.09837 0.0833849 0.0830656 47.0   6.4583e-01 -1081.8781 -891.8163 86297.9 123.2586 -5.94306667
-241.7735 -950.0338 1547.0 3118.0 119104.0 3309.0 6.97703 -0.0449767 -0.0568943 47.0   1.2497e+00 -240.7735 -950.7833 88308.0 123.4935 -5.95952222
-1231.2231 -1173.9385 3546.0 3538.0 118097.0 2888.0 8.15368 0.0355176 0.182615 49.0   3.1971e+00 -1228.6722 -1172.0112 86696.2 123.21755556 -6.020875
-833.9144 -1238.2058 2748.0 3680.0 116936.0 3011.0 7.4496 -0.042022 0.0925383 48.0   7.8755e-01 -833.1661 -1237.9604 72110.7 123.32801944 -6.03925
-86.9534 -118.7939 1210.0 1448.0 116739.0 3267.0 6.85087 0.116872 -0.0380897 46.0   9.9703e-01 -86.4372 -117.9409 91622.0 123.53661389 -5.72818056
-123.7565 -1003.2793 1311.0 3229.0 116447.0 3254.0 6.91867 -0.0838444 -0.0802719 46.0   5.7938e-01 -123.4374 -1003.7629 84333.5 123.52626944 -5.97424167
-768.5756 25.8988 2578.0 1135.0 115337.0 3299.0 6.66131 0.0387788 -0.0667774 45.0   3.4412e-01 -768.2494 26.0083 93756.2 123.34628611 -5.68815556
121.472 -1225.2646 824.0 3684.0 115166.0 2806.0 8.08709 -0.14218 -0.187851 48.0   1.2634e+00 120.5577 -1224.3927 76559.7 123.59441944 -6.03552778
42.6619 -742.6033 968.0 2709.0 114543.0 3425.0 9.66874 -0.284232 0.138429 49.0   8.1846e+00 36.6042 -737.0994 1230268.8 123.57096667 -5.90016944
-1261.1147 -148.5532 3575.0 1471.0 114408.0 3201.0 6.99727 0.190284 -0.0628852 46.0   1.1373e+00 -1259.999 -148.7739 102329.3 123.20898333 -5.73663889
-1139.2286 -688.1123 3346.0 2562.0 112937.0 3221.0 6.77977 0.115935 0.013334 45.0   5.7551e-01 -1138.6671 -687.9862 95940.1 123.24277222 -5.88643889
-134.7124 -1165.7406 1338.0 3556.0 112764.0 2922.0 7.24476 -0.148323 -0.0952952 47.0   3.1694e-01 -134.4065 -1165.8235 59429.2 123.52320278 -6.01925833
332.6678 -739.5613 384.0 2712.0 111885.0 2958.0 7.23008 -0.0150325 -0.134238 46.0   1.4748e+00 331.1955 -739.4759 71449.6 123.65323333 -5.90082222
-505.0373 -1408.2615 2091.0 4033.0 111569.0 2792.0 7.39463 -0.318687 0.0163299 46.0   1.5097e+00 -504.6145 -1406.8121 71779.4 123.41978056 -6.08618333
-1231.4798 -1189.8241 3547.0 3570.0 110379.0 2722.0 7.68841 0.0232861 0.166312 47.0   2.8001e+00 -1229.249 -1188.1317 68548.8 123.21739167 -6.02535278
-1275.5695 -1230.2169 3637.0 3650.0 110113.0 2743.0 7.49817 0.0394949 0.160303 46.0   3.4558e+00 -1272.9111 -1228.0088 78704.6 123.20518889 -6.03642222
-524.6345 -472.5457 2102.0 2147.0 109155.0 3310.0 6.42247 0.0939363 -0.0293739 43.0   8.2436e-01 -523.8708 -472.856 91622.0 123.41446944 -5.82675
17.4246 106.1719 993.0 998.0 108942.0 3078.0 6.67825 0.102562 -0.0518364 44.0   2.7904e-01 17.4335 106.4508 89125.1 123.56561111 -5.66585
-757.1361 353.6356 2545.0 475.0 108636.0 3154.0 6.46337 0.0210613 -0.0537691 43.0   4.8033e+00 -761.5537 355.5215 283139.2 123.34818889 -5.596625
-418.6073 169.3379 1869.0 857.0 108259.0 3231.0 6.45994 0.0310969 -0.0418502 43.0   8.3513e-01 -418.8078 170.1486 82413.8 123.44384167 -5.64814444
-1181.354 325.1706 3400.0 519.0 107664.0 3005.0 6.84067 0.154795 -0.0921683 44.0   1.6222e+00 -1179.9026 324.4461 84333.5 123.23141944 -5.60520278
-1132.5935 -436.8808 3325.0 2056.0 107204.0 3180.0 6.60653 0.134264 0.0207778 43.0   8.9688e-01 -1133.4459 -436.6019 100461.6 123.24426944 -5.81661111
50.1267 -1236.8015 968.0 3705.0 106990.0 3145.0 6.4647 0.125688 -0.0285307 42.0   2.7757e+00 49.2446 -1234.1697 83176.4 123.5745 -6.03824444
-1101.2646 -1195.7305 3285.0 3586.0 105424.0 2777.0 7.09696 0.0688898 0.15445 44.0   1.9500e+00 -1099.575 -1194.7572 66988.5 123.25361111 -6.02721389
-949.5695 500.0154 2928.0 174.0 105051.0 3111.0 6.55011 -0.0132969 -0.0917305 43.0   2.4984e+00 -947.8264 498.2255 86297.9 123.29621667 -5.55696389
-579.8211 -1422.3337 2242.0 4059.0 104222.0 2713.0 7.02017 -0.226503 0.0374858 44.0   1.4875e+00 -579.417 -1420.9022 65463.6 123.39888333 -6.09009167
-1120.7143 -1223.3309 3325.0 3641.0 103832.0 2822.0 6.81763 -0.0593338 0.128337 43.0   2.1685e+00 -1119.151 -1221.8281 61376.2 123.24813889 -6.03473056
-987.0824 221.5013 3012.0 734.0 103701.0 3074.0 6.42028 0.0401755 -0.0628134 42.0   4.0098e-01 -987.2692 221.8561 120781.4 123.28517222 -5.63372778
434.9642 -343.9008 166.0 1918.0 102758.0 2819.0 7.03577 0.269305 -0.110227 43.0   1.6082e+00 433.3762 -344.1548 76913.0 123.68174444 -5.79100556
-863.6092 -192.9654 2776.0 1573.0 102699.0 3159.0 6.10219 -0.0552799 -0.0357851 41.0   6.4871e-01 -863.8147 -192.3501 80167.8 123.31958333 -5.7488
472.6412 -1391.4979 122.0 4030.0 102523.0 2547.0 7.42972 -0.147413 -0.186654 44.0   6.5580e+00 467.6764 -1387.2132 80909.6 123.69138889 -6.08074167
-433.5752 -418.0189 1917.0 2040.0 101989.0 3163.0 6.12916 0.0684056 -0.0217383 41.0   1.7111e+00 -433.4417 -419.7248 202301.9 123.43972222 -5.81199722
-848.9189 -244.8474 2748.0 1678.0 101907.0 3175.0 6.16714 0.029446 -0.0294305 41.0   8.0917e-01 -849.3363 -244.1542 86297.9 123.32361944 -5.76319167
220.8721 85.5281 584.0 1046.0 101579.0 2871.0 6.40182 0.125331 -0.0129976 42.0   1.2050e+00 219.7579 85.0692 76913.0 123.62208889 -5.67178611
-1274.1563 -600.39 3615.0 2381.0 101142.0 3066.0 6.33324 0.242744 0.0218155 41.0   8.2307e-01 -1273.4287 -600.0051 72443.6 123.20515556 -5.86197778
-139.0273 -321.1053 1321.0 1854.0 101113.0 3195.0 6.08657 0.0712594 -0.0825285 40.0   8.4888e-01 -138.333 -321.5937 80167.8 123.52212222 -5.78475
-1271.0809 412.6065 3578.0 340.0 101056.0 2838.0 6.68326 0.126685 -0.13506 42.0   3.1848e+00 -1268.3703 410.9346 80537.8 123.20674167 -5.58116389
-781.9319 -142.0593 2610.0 1473.0 100858.0 3155.0 5.96397 0.0568595 -0.045504 40.0   9.2985e-01 -782.2266 -141.1774 72110.7 123.34236667 -5.73459444
-1241.0633 266.667 3522.0 635.0 100599.0 2801.0 6.7928 0.112355 -0.146074 42.0   1.1341e+00 -1240.1384 266.0107 95499.3 123.21459722 -5.621425
-1021.2266 -740.3654 3110.0 2671.0 100299.0 3204.0 6.04327 0.158261 0.00561006 40.0   2.1532e-01 -1021.1233 -740.5543 79432.8 123.27558889 -5.90105833
-173.5494 -139.9988 1385.0 1488.0 100202.0 2996.0 6.25662 0.100772 -0.0593762 41.0   7.0713e-01 -172.9612 -139.6063 69502.4 123.51245833 -5.73419722
25.8467 -747.3327 1002.0 2718.0 99600.0 2772.0 6.477 0.0820921 -0.06003 42.0   1.4847e+01 36.6042 -737.0994 1230268.8 123.57096667 -5.90016944
159.1368 -792.3987 735.0 2813.0 98940.0 2878.0 6.33611 0.0218327 -0.100867 41.0   5.4702e-01 159.1573 -792.9453 68865.2 123.60519167 -5.91568056
-697.4238 -969.0639 2465.0 3142.0 97918.0 2898.0 6.61506 -0.0320507 -0.13517 41.0   8.6005e-01 -697.8354 -968.3087 104712.9 123.36584722 -5.96436111
-774.2497 -650.6469 2610.0 2498.0 97814.0 3207.0 5.79493 0.0926721 0.00810045 39.0   6.0878e-02 -774.2027 -650.6856 74817.0 123.34455278 -5.876125
-1482.5883 -1038.9016 4048.0 3258.0 96780.0 5897.0 6.41855 0.386567 0.0243091 38.0   4.3070e+00 -1478.6077 -1037.2568 109144.0 123.14777222 -5.98339722
335.6645 344.4049 345.0 528.0 96717.0 2687.0 6.42857 0.178337 0.0395409 41.0   2.9765e+00 333.1614 342.7942 60534.1 123.65373333 -5.60019167
414.4613 -630.5863 216.0 2495.0 96325.0 2727.0 6.79528 0.0927086 -0.179362 41.0   1.1757e+00 413.3503 -630.9708 70469.3 123.67616944 -5.87067778
-1148.2785 -23.2116 3344.0 1222.0 96244.0 2916.0 6.08825 0.0983599 -0.0378487 40.0   5.0709e-01 -1147.8339 -22.9677 79432.8 123.24031667 -5.70171111
-351.7891 -177.0282 1745.0 1557.0 95860.0 3035.0 5.90508 0.111905 0.0125139 39.0   5.8371e-01 -351.7159 -176.4491 76559.7 123.46255278 -5.744425
-1451.2741 -1402.2004 3996.0 3991.0 95693.0 2488.0 7.51205 0.108535 0.230037 42.0   7.9417e+00 -1445.3369 -1396.9259 61659.5 123.15699167 -6.08331111
-296.5452 -579.1608 1646.0 2369.0 94908.0 3099.0 5.64397 -0.0185345 -0.0301278 38.0   1.8839e+00 -295.1626 -580.4404 95940.1 123.478325 -5.85664722
-1405.2162 151.9385 3856.0 861.0 94739.0 2777.0 6.45794 0.303098 -0.0833616 40.0   2.7150e+00 -1402.5461 151.4466 68548.8 123.16924444 -5.65321944
-1207.3038 300.4465 3453.0 568.0 94714.0 2926.0 6.14671 0.19271 -0.10843 39.0   2.2358e+00 -1205.3956 299.2814 93756.2 123.2243 -5.61218889
209.273 -790.6228 634.0 2811.0 94338.0 2742.0 6.18688 -0.0291851 -0.107254 40.0   2.5499e-01 209.2097 -790.8698 66988.5 123.61916944 -5.91510278
132.3627 -631.0232 784.0 2487.0 94172.0 2944.0 5.96608 0.0342015 -0.065457 39.0   3.8326e-01 132.4111 -631.4034 66680.7 123.59771944 -5.87080833
-534.1812 -333.7308 2117.0 1867.0 94071.0 3059.0 5.67177 0.0370349 -0.0363663 38.0   1.3111e+01 -521.2705 -331.4451 1042317.4 123.41520556 -5.78746944
-101.2968 337.5781 1225.0 528.0 94055.0 2817.0 5.87786 0.00220003 -0.0491068 39.0   6.6031e-01 -101.8224 337.1784 72443.6 123.532325 -5.60175833
-386.5142 -1166.2005 1845.0 3549.0 93693.0 2835.0 5.91548 -0.0076914 -0.0501454 39.0   8.3347e-01 -385.7146 -1166.4357 74131.0 123.45300833 -6.01941944
387.3224 508.4948 236.0 199.0 93656.0 2633.0 6.41031 0.15709 0.0201062 40.0   5.8890e+00 382.8827 504.6258 66988.5 123.66760278 -5.55523611
-409.7971 -216.6459 1863.0 1635.0 92884.0 2983.0 5.70482 -0.0348586 -0.0367788 38.0   5.3624e-01 -409.7848 -216.1098 63095.7 123.44633889 -5.75543889
-1358.8208 -1308.4441 3807.0 3805.0 92238.0 2505.0 7.00848 0.0381314 0.182103 40.0   5.0555e+00 -1354.9413 -1305.2026 70469.3 123.18226111 -6.05785
-1245.8851 -762.2385 3563.0 2708.0 91412.0 2852.0 5.95051 0.225878 0.035633 38.0   1.2458e+00 -1244.6896 -761.8884 61094.2 123.21315278 -5.90695
-811.0104 500.6913 2649.0 177.0 90008.0 2507.0 8.16205 -0.151402 -0.229718 40.0   8.6926e+00 -817.0822 494.4708 1690440.9 123.33270556 -5.55802222
451.1645 -824.5625 148.0 2887.0 89821.0 7318.0 5.07502 -0.101351 0.0949684 30.0   5.8491e+00 445.6377 -822.6478 205116.2 123.68519722 -5.92391944
-573.3784 -204.8089 2192.0 1606.0 89651.0 2924.0 5.59764 -0.0549814 -0.0443444 37.0   9.6064e-01 -572.9715 -203.9387 68233.9 123.40078056 -5.75204722
-1045.6645 -1292.6329 3176.0 3783.0 89082.0 2589.0 6.26809 -0.0824863 0.16931 38.0   9.4275e+00 -1045.936 -1283.2093 120781.4 123.26858056 -6.05179167
363.4391 51.0292 298.0 1120.0 88909.0 2683.0 5.94324 0.119495 -0.0154842 38.0   1.5377e+00 362.0319 50.4093 70794.6 123.66180556 -5.68140833
-74.4011 -193.5391 1187.0 1599.0 88778.0 2834.0 5.95648 0.0752834 0.0240488 37.0   9.6366e-01 -73.5193 -193.1504 80167.8 123.54021944 -5.74907222
-1480.7795 57.9498 4011.0 1048.0 88475.0 2630.0 6.20436 0.269709 -0.0933771 38.0   3.3119e+00 -1477.7905 56.5234 61659.5 123.14822222 -5.67957222
-1102.4672 -524.2552 3267.0 2233.0 88382.0 2965.0 5.4434 0.0667038 -0.027764 36.0   2.8355e-01 -1102.6772 -524.4456 83946.0 123.25284722 -5.84101667
271.6453 -86.3911 487.0 1394.0 88305.0 2820.0 5.74066 0.19365 -0.0400242 37.0   1.0335e+00 270.6947 -86.7968 67920.4 123.63631389 -5.719525
-895.139 -177.0801 2839.0 1540.0 87862.0 2946.0 5.50433 0.0624548 -0.00588703 36.0   8.4538e-01 -895.3921 -176.2735 73113.9 123.31076944 -5.74433056
173.2149 281.3183 674.0 650.0 87112.0 2677.0 5.74217 0.107527 -0.00277786 37.0   1.3403e+00 172.029 280.6938 82413.8 123.60876111 -5.61744722
-1314.9427 -892.3554 3706.0 2968.0 86625.0 2684.0 6.07001 0.158215 0.130778 37.0   2.0838e+00 -1313.0698 -891.4421 70794.6 123.19403333 -5.942925
-943.1971 -20.5038 2931.0 1223.0 86613.0 2834.0 5.49 0.0297814 -0.0589121 36.0   4.7167e-01 -943.1529 -20.0342 73451.4 123.29745556 -5.700925
-735.6656 -1363.7236 2554.0 3936.0 86192.0 2613.0 6.146 -0.278854 0.110727 37.0   3.1985e+00 -733.2372 -1361.642 70794.6 123.35591944 -6.07361667
-272.8462 -1227.4548 1618.0 3676.0 85760.0 2646.0 5.85042 -0.204147 -0.0607459 37.0   7.1192e-01 -272.2248 -1227.1074 58076.4 123.48470556 -6.03627778
36.7443 -1205.7437 994.0 3642.0 85540.0 2597.0 6.41385 -0.16121 -0.192226 37.0   2.1572e+00 37.1725 -1203.6294 93756.2 123.57112778 -6.02976111
16.0973 -1252.7185 1037.0 3736.0 84256.0 2551.0 6.42996 -0.271872 -0.184298 37.0   9.7550e-01 15.771 -1251.7992 62517.3 123.56515 -6.04314167
-941.7357 -117.2595 2931.0 1418.0 84025.0 2806.0 5.7259 -0.0253841 -0.108548 35.0   4.2487e-01 -941.9345 -116.884 66374.3 123.29778333 -5.72782778
317.2549 478.1184 378.0 258.0 83975.0 2608.0 5.58734 0.145628 0.000185106 36.0   4.6266e+00 313.9633 474.8672 60813.5 123.64836944 -5.56350556
55.2255 -620.8134 939.0 2464.0 83610.0 2777.0 5.92289 -0.0318269 -0.156143 35.0   9.7928e-01 55.7952 -621.6099 57279.6 123.576325 -5.86808889
184.7532 -416.7956 672.0 2057.0 83525.0 2736.0 5.98951 0.151748 -0.160674 35.0   2.8121e-01 185.0035 -416.6674 67297.7 123.6124 -5.81115833
-45.4988 -1021.9087 1154.0 3269.0 83314.0 2710.0 5.50508 -0.14112 -0.0869783 35.0   4.3156e-01 -45.1342 -1022.1396 61094.2 123.54813889 -5.97934722
458.5382 101.1524 105.0 1022.0 83149.0 2572.0 5.6378 0.182851 -0.00249531 36.0   3.0006e+00 455.8695 99.7807 62805.8 123.68799722 -5.66768889
-1096.852 -1389.2186 3282.0 3976.0 83079.0 2438.0 6.69075 -0.228244 0.210759 37.0   3.7493e+00 -1094.5168 -1386.2854 60813.5 123.25499444 -6.08041667
-150.7308 -269.6729 1343.0 1750.0 82932.0 2947.0 5.26087 0.0229241 -0.0724532 34.0   7.1116e-01 -150.1165 -269.3146 56754.5 123.51883333 -5.77022778
-114.6833 -222.9538 1269.0 1657.0 82744.0 2903.0 5.26973 0.180195 -0.0437596 34.0   5.4859e-01 -114.1622 -222.7823 64268.8 123.52887222 -5.75730278
-1257.0359 -780.2795 3586.0 2744.0 81998.0 2654.0 5.52759 0.199505 0.0200449 35.0   1.1249e+00 -1255.9681 -779.9254 65463.6 123.21 -5.91195833
-96.4743 -705.073 1247.0 2629.0 81598.0 6787.0 4.73725 -0.0224889 -0.047845 32.0   2.0146e+00 -94.8475 -706.2613 62517.3 123.53425833 -5.89160278
-77.6184 -276.4715 1196.0 1766.0 81574.0 2807.0 5.24091 0.0958262 -0.0448307 34.0   7.7040e-01 -76.9488 -276.0905 60534.1 123.53926111 -5.77211111
-557.0127 355.7696 2142.0 477.0 81048.0 2749.0 5.24264 0.0317875 -0.0417469 34.0   6.2700e-01 -556.9936 356.3963 69823.2 123.40528333 -5.5964
-1168.2606 -541.6611 3400.0 2266.0 80747.0 2739.0 5.26299 0.181316 -0.0511448 34.0   5.9852e-01 -1167.8072 -542.0518 66988.5 123.23465833 -5.84589722
66.1288 -849.4374 924.0 2925.0 80713.0 2711.0 5.29535 0.0703047 -0.0843649 34.0   3.1287e-01 66.4018 -849.5902 79067.9 123.57928889 -5.93141667
-911.3096 -224.4812 2873.0 1635.0 80436.0 2860.0 4.9628 0.0053369 -0.0374973 33.0   7.0699e-01 -911.6985 -223.8908 72110.7 123.30621111 -5.75755556
-1133.9234 506.0686 3299.0 156.0 80264.0 2698.0 5.4949 0.171828 -0.14938 34.0   2.3433e+00 -1132.6471 504.1033 76559.7 123.24463611 -5.55530556
-906.7719 -1379.797 2899.0 3963.0 79385.0 2449.0 6.01675 -0.265311 0.151401 35.0   2.4493e+00 -905.4092 -1377.7618 57279.6 123.30782222 -6.078075
-868.039 -557.3189 2796.0 2307.0 78884.0 2819.0 5.07182 0.148931 -0.0214682 33.0   4.2415e-01 -868.0472 -557.743 71779.4 123.31835833 -5.85029722
-259.9247 -1030.718 1586.0 3280.0 77475.0 3172.0 4.86145 0.0161454 -0.0638879 32.0   8.4212e-01 -259.1532 -1031.0556 74131.0 123.48836389 -5.98181944
299.0881 -653.7297 449.0 2538.0 77401.0 2603.0 5.33495 0.0389378 -0.147381 33.0   8.9943e-01 298.2138 -653.9408 58884.4 123.64401944 -5.87706389
92.354 -744.3084 868.0 2714.0 77236.0 2634.0 5.37733 0.0475238 -0.122879 33.0   4.5749e-01 92.7947 -744.4312 59429.2 123.58665833 -5.90220556
370.2929 -731.5289 308.0 2697.0 76296.0 2569.0 5.44328 0.130758 -0.165084 33.0   1.5311e+00 368.8665 -730.9724 57544.0 123.66375278 -5.89845833
-1000.1357 -1084.4682 3078.0 3365.0 76203.0 2577.0 5.2534 -0.0361108 0.0527069 33.0   9.4799e-01 -999.2777 -1084.0649 56754.5 123.28164167 -5.99648056
-764.8487 -56.4288 2573.0 1301.0 75903.0 2692.0 4.9963 0.0889862 -0.0612644 32.0   2.0360e+00 -765.4732 -54.4909 106659.6 123.34705278 -5.71051667
10.7781 -473.1141 1024.0 2165.0 75853.0 2741.0 4.9114 -0.0633505 -0.00408766 32.0   4.9374e-01 11.1313 -472.7691 52966.3 123.56385278 -5.82674444
-1084.5012 127.6675 3211.0 920.0 75716.0 2681.0 4.91839 0.0246157 -0.0626833 32.0   7.2931e-01 -1083.9609 128.1574 72443.6 123.25816944 -5.65974167
-949.4446 -593.3317 2961.0 2377.0 75660.0 2706.0 4.94045 0.0528594 -0.0952172 32.0   3.5836e-01 -949.7129 -593.5693 64268.8 123.29555 -5.86023889
-564.8083 -1100.993 2202.0 3412.0 75324.0 2690.0 4.97858 -0.139658 -0.0196621 32.0   6.0522e-01 -564.3039 -1101.3275 56234.1 123.40313056 -6.00132222
-382.9869 507.3785 1787.0 177.0 75251.0 2640.0 4.93148 0.0259126 -0.0628185 32.0   3.1970e+00 -384.906 509.9354 183653.8 123.45332222 -5.55376111
-137.8993 -330.0211 1319.0 1872.0 75223.0 2703.0 4.97502 -0.0204824 -0.0440455 32.0   8.4385e+00 -138.333 -321.5937 80167.8 123.52212222 -5.78475
-1243.9831 -526.4662 3552.0 2233.0 75222.0 2645.0 5.04927 0.247372 -0.0181263 32.0   8.8496e-01 -1243.282 -527.0061 68233.9 123.21358611 -5.84170556
-377.5287 441.9522 1778.0 309.0 75167.0 2656.0 5.02654 0.0813601 -0.0856785 32.0   9.9141e-01 -377.0108 441.1068 71779.4 123.45552222 -5.57288056
-326.0829 -70.4184 1690.0 1343.0 74107.0 2759.0 6.93118 0.350191 0.201338 33.0   8.2746e+00 -322.2325 -63.0942 1241652.3 123.47078889 -5.71293889
311.3858 -317.0461 414.0 1860.0 73769.0 2534.0 5.10532 0.0633742 0.033841 32.0   4.0685e-01 311.1571 -317.3826 57544.0 123.64761944 -5.783575
463.2469 -46.1752 100.0 1319.0 73549.0 2504.0 5.1968 0.236425 -0.037358 32.0   2.6101e+00 460.8025 -47.0905 57809.6 123.68938333 -5.70848611
-6.4305 -386.0342 1056.0 1989.0 73528.0 2715.0 4.84884 0.0603308 -0.0679443 31.0   6.6924e-01 -5.7712 -386.1491 64863.4 123.55913333 -5.80268333
-646.8014 414.4191 2321.0 356.0 73513.0 2703.0 4.73904 0.00312973 0.00989519 31.0   1.6888e-01 -646.8514 414.5804 62805.8 123.38020833 -5.58023056
-697.4687 -966.0868 2465.0 3136.0 73468.0 3162.0 6.95946 -0.128599 -0.263444 31.0   2.2520e+00 -697.8354 -968.3087 104712.9 123.36584722 -5.96436111
-159.8322 -1278.2969 1392.0 3782.0 73405.0 2621.0 5.78202 0.358239 -0.145531 31.0   2.6457e+00 -159.2103 -1275.7254 77268.1 123.51627222 -6.04978611
-50.3049 -868.1307 1159.0 2959.0 73105.0 2678.0 4.80152 -0.0197929 -0.0765182 31.0   1.1392e+00 -49.4644 -868.8997 59429.2 123.54693056 -5.93678056
199.9249 -599.197 647.0 2425.0 73075.0 2669.0 4.80519 -0.00511713 -0.0920227 31.0   2.2799e-01 199.819 -599.3989 64565.4 123.61654167 -5.86191667
-837.298 -553.8608 2734.0 2301.0 73001.0 2692.0 4.75659 0.0877251 -0.0339671 31.0   5.6465e-01 -837.8569 -553.7804 64863.4 123.32678889 -5.8492
-1381.4933 -1254.2053 3851.0 3695.0 72508.0 2395.0 5.50267 -0.0630586 0.182486 32.0   4.7234e+00 -1377.9102 -1251.1277 57016.4 123.17585556 -6.042825
187.5717 317.2762 644.0 578.0 71763.0 2605.0 4.84411 0.0797627 -0.0202273 31.0   1.8938e+00 185.9848 316.2426 59156.2 123.61265556 -5.60757222
-1273.247 424.4839 3582.0 316.0 71458.0 2528.0 4.97131 0.104892 -0.119059 31.0   3.9689e+00 -1270.1486 422.0036 72443.6 123.20624722 -5.57808889
1.4562 -349.1848 1039.0 1915.0 71268.0 2781.0 4.6194 0.0405764 -0.0479146 30.0   1.5469e+00 2.9837 -349.4291 57279.6 123.56157778 -5.79248333
-733.5345 -288.208 2517.0 1769.0 71100.0 2745.0 4.99085 0.118953 -0.101661 30.0   5.8708e-01 -733.9467 -287.79 56754.5 123.35583056 -5.775325
-426.618 -451.1624 1904.0 2107.0 71035.0 2752.0 4.6996 0.0548794 -0.0741305 30.0   9.1002e-02 -426.6203 -451.2534 67920.4 123.441625 -5.82075556
-1119.0928 17.4447 3284.0 1141.0 70880.0 2664.0 4.55659 0.00410012 -0.0582364 30.0   9.5366e-01 -1119.2883 18.3781 66988.5 123.24829167 -5.69023056
374.4699 -186.0299 283.0 1598.0 70393.0 2496.0 4.89099 0.169354 -0.0384843 31.0   2.7887e+00 372.846 -183.7628 110153.9 123.66483611 -5.74645556
-737.0388 -911.1194 2543.0 3024.0 70142.0 2650.0 4.58429 -0.00657033 -0.00118497 30.0   8.0910e-01 -736.2376 -911.2321 66988.5 123.35512778 -5.94850278
-309.0001 -510.866 1669.0 2231.0 70024.0 2792.0 4.44344 0.0500473 -0.0742489 29.0   5.5112e-01 -308.4932 -511.0823 59979.1 123.47460556 -5.83738056
-43.6456 -848.671 1145.0 2920.0 69925.0 2601.0 4.6182 -0.0032561 -0.055338 30.0   4.3180e-01 -43.3776 -849.0096 58884.4 123.54863056 -5.93125556
-1207.3849 -845.0154 3488.0 2876.0 69505.0 2530.0 4.60271 0.00468607 0.0544343 30.0   1.7651e+00 -1205.7178 -844.4355 57809.6 123.22402222 -5.92988611
377.2915 -570.1221 289.0 2372.0 68729.0 2557.0 5.65189 0.111675 -0.20164 30.0   2.0634e+00 376.2171 -571.8837 58884.4 123.66579722 -5.85426667
-893.8799 -391.9584 2843.0 1973.0 68512.0 2649.0 4.48143 0.0960509 -0.0115145 29.0   7.2708e-01 -893.3874 -392.4933 71449.6 123.31130278 -5.80439167
-937.183 -1142.0481 2953.0 3483.0 68434.0 2471.0 4.86707 -0.164293 0.0887164 30.0   7.6016e-01 -936.4258 -1142.1151 50350.1 123.29918889 -6.01261389
-1081.6045 1.6525 3209.0 1174.0 68182.0 2626.0 4.47563 0.0525406 -0.074197 29.0   7.5642e-01 -1080.9794 2.0784 80537.8 123.25898333 -5.69476389
36.1116 -45.9003 960.0 1305.0 68155.0 2623.0 4.65515 0.058641 -0.0300173 29.0   5.4104e-01 36.0992 -45.3594 66374.3 123.57082222 -5.70801944
-894.8427 132.1195 2829.0 917.0 67973.0 2587.0 4.5697 0.0388862 -0.0291821 29.0   2.0269e+00 -894.4021 134.0979 73113.9 123.31108333 -5.65811667
-685.9988 148.7824 2408.0 890.0 67964.0 2637.0 4.47769 0.0485699 -0.0740431 29.0   4.5734e-01 -685.6192 149.0375 48977.9 123.36936389 -5.65398889
-740.8851 99.7838 2520.0 987.0 67912.0 2615.0 4.49947 0.0245322 -0.0393466 29.0   1.0773e+00 -740.9613 100.8584 71449.6 123.35391111 -5.66736667
136.3598 189.4233 751.0 834.0 67791.0 2581.0 4.57822 0.0395512 -0.0793732 29.0   7.7398e-01 135.6087 189.2365 66069.3 123.59859722 -5.64285278
-354.339 353.4767 1734.0 488.0 67087.0 2542.0 4.58606 -0.00974142 -0.0375125 29.0   1.2162e-01 -354.244 353.4008 70145.5 123.46187222 -5.59724444
-166.1295 -499.7004 1381.0 2213.0 66543.0 2697.0 4.41419 0.042274 -0.0867601 28.0   9.4108e-01 -165.2706 -499.3158 60813.5 123.51459722 -5.83411667
42.4489 520.9735 930.0 163.0 66012.0 2478.0 4.62285 -0.158669 -0.0180039 29.0   2.7823e+00 40.4286 519.0605 58344.5 123.57202778 -5.55123611
-183.4263 -768.469 1424.0 2754.0 65907.0 2674.0 4.3312 -0.00327989 -0.0609835 28.0   1.1737e+00 -182.6954 -769.3873 61376.2 123.509725 -5.90913611
-449.1292 -78.7927 1938.0 1356.0 65885.0 2662.0 4.33146 0.0306627 -0.0476038 28.0   7.1357e-01 -448.9666 -78.0979 71449.6 123.43540833 -5.7171
-1005.1909 -552.5135 3072.0 2293.0 65801.0 2626.0 4.32944 0.014369 -0.0503372 28.0   4.3985e-01 -1005.6296 -552.5458 52480.7 123.27994167 -5.84883611
-219.9384 -652.9053 1494.0 2520.0 65665.0 2656.0 4.33125 0.0570887 -0.0606868 28.0   8.2529e-01 -219.412 -653.5409 54450.3 123.499475 -5.87695556
-288.0305 40.851 1610.0 1120.0 65434.0 2586.0 4.43035 0.00872803 -0.0575706 28.0   1.4136e+00 -287.9285 42.2609 66069.3 123.48036944 -5.683675
-27.5549 420.6197 1074.0 363.0 65328.0 2549.0 4.44857 -0.0751105 -0.0803558 28.0   1.8471e+00 -28.4257 418.9907 68233.9 123.55281111 -5.57903333
-365.2146 -110.2375 1770.0 1422.0 64866.0 2596.0 4.36385 0.0720205 -0.0483065 28.0   1.1664e+00 -365.9756 -111.1215 72110.7 123.458575 -5.72627778
-997.2737 402.9879 3027.0 368.0 64338.0 2537.0 4.36325 0.0671385 -0.0629288 28.0   8.7814e-01 -996.6104 402.4124 57544.0 123.28258889 -5.58357222
-1056.5857 581.2256 3141.0 7.0 64288.0 2505.0 4.53287 0.0939511 -0.114577 28.0   3.1107e+00 -1054.5034 578.9147 68865.2 123.26645556 -5.53453611
-1246.8156 581.7277 3524.0 0.0 64099.0 3754.0 6.44505 0.814199 0.00109051 25.0   3.8676e+00 -1243.8372 579.2605 165196.2 123.21361667 -5.53441111
-937.2597 -1038.3225 2950.0 3274.0 63927.0 2503.0 4.42509 -0.0419745 0.0677745 28.0   6.1621e-01 -936.6436 -1038.3349 55462.6 123.29914167 -5.98378611
141.2441 -955.961 776.0 3142.0 63469.0 2485.0 4.60857 -0.0517106 -0.132854 28.0   4.0947e-01 141.5997 -956.164 43853.1 123.60029167 -5.96101944
-1113.1443 -1198.3976 3309.0 3591.0 63337.0 2429.0 4.70963 -0.147312 0.142498 28.0   5.2761e-01 -1112.6205 -1198.3344 87498.4 123.24996667 -6.02820556
-998.0589 224.8039 3034.0 727.0 63250.0 2601.0 4.25606 0.0857116 -0.0691105 27.0   1.1212e+00 -997.1231 225.4214 70794.6 123.28242222 -5.63273611
-338.8005 -642.3548 1733.0 2495.0 63129.0 2593.0 4.23311 0.0182203 -0.0660536 27.0   7.7413e-01 -338.4749 -643.0571 52480.7 123.46622778 -5.87403889
-335.5828 229.6948 1700.0 738.0 62935.0 2571.0 4.19219 0.0291359 -0.0217076 27.0   4.7156e-01 -335.5338 230.1638 66069.3 123.46708889 -5.63147778
-1119.8216 164.3382 3281.0 845.0 62288.0 2514.0 4.37881 0.180466 -0.110604 27.0   9.0609e-01 -1119.009 164.739 64268.8 123.24839167 -5.649575
373.3868 -180.0912 285.0 1586.0 61588.0 2496.0 4.3602 0.203436 -0.10924 27.0   3.7112e+00 372.846 -183.7628 110153.9 123.66483611 -5.74645556
-215.9524 234.0453 1459.0 733.0 60920.0 2604.0 5.75469 -0.382842 0.137594 27.0   4.0966e+00 -216.0432 229.9497 187068.2 123.50044167 -5.63154167
-856.9444 -469.7967 2771.0 2131.0 60846.0 2590.0 4.18171 0.281803 -0.0274241 26.0   1.9255e-01 -856.9226 -469.988 47643.1 123.321475 -5.82592222
-160.637 419.0368 1342.0 362.0 60775.0 2862.0 4.26004 0.106181 -0.0825455 26.0   1.0310e+00 -161.582 418.6246 56234.1 123.51564722 -5.57913333
-780.8264 -281.0061 2612.0 1753.0 60667.0 2559.0 4.14772 0.151234 -0.00792855 26.0   7.5663e-01 -780.9897 -280.2673 54954.1 123.34269722 -5.77323056
-1121.2089 -1059.0633 3321.0 3310.0 60624.0 2390.0 4.26929 0.0357141 0.0331786 27.0   1.1978e+00 -1120.1477 -1058.5078 44874.5 123.24788611 -5.98936389
-1486.8901 -491.0535 4040.0 2154.0 60422.0 2402.0 4.47222 0.33593 0.00361871 27.0   1.8808e+00 -1485.0968 -490.4867 58884.4 123.14607222 -5.83151667
-827.5695 -671.8282 2718.0 2539.0 60356.0 2596.0 4.03619 0.109951 0.0126663 26.0   4.7776e-01 -827.781 -672.2566 58344.5 123.32958889 -5.88211111
-348.9711 -363.593 1745.0 1933.0 60119.0 2532.0 3.98499 0.166692 -0.00471703 26.0   1.2307e+00 -347.8832 -364.1685 56234.1 123.46361389 -5.79656944
-405.5976 590.4037 1830.0 9.0 60113.0 2927.0 4.20269 0.0769836 -0.0910139 26.0   7.7662e-01 -404.9967 589.9117 47206.3 123.44771944 -5.53154444
-1100.2503 -46.2836 3248.0 1270.0 60035.0 2553.0 4.07955 0.0760859 -0.0471069 26.0   8.5372e-01 -1099.711 -45.6217 55975.8 123.25374722 -5.70801111
-245.6009 388.4277 1514.0 421.0 59901.0 2497.0 4.0976 0.0132876 -0.0725997 26.0   2.3019e-01 -245.8076 388.3264 66374.3 123.49213889 -5.58754722
-611.2174 -659.0184 2282.0 2520.0 59896.0 2558.0 4.07252 0.073402 -0.047954 26.0   1.2484e-01 -611.191 -659.1404 44668.4 123.39007222 -5.87848889
-367.4768 -1111.3101 1805.0 3439.0 59762.0 2490.0 4.18993 0.0667515 -0.127457 26.0   7.5272e-01 -366.8989 -1111.7923 46989.4 123.45826667 -6.00424167
-271.2535 -1135.6144 1612.0 3491.0 59146.0 2480.0 4.64583 -0.109114 -0.0551757 26.0   3.0671e-01 -271.0538 -1135.8472 49888.4 123.48503611 -6.01092778
-1318.2554 -673.0425 3706.0 2526.0 58945.0 2434.0 4.22868 0.218192 0.0520453 26.0   1.0048e+00 -1317.2506 -673.0533 57809.6 123.19290556 -5.88226111
-1454.7717 45.9487 3959.0 1073.0 58619.0 3182.0 6.54345 0.601262 0.00417658 26.0   6.2558e+00 -1452.9099 51.921 751622.9 123.15516667 -5.68085556
-823.3183 -1314.9667 2729.0 3835.0 58395.0 2371.0 4.3663 -0.298421 0.043733 26.0   1.0715e+00 -822.5535 -1314.2162 50815.9 123.330975 -6.06043333
-350.6893 -282.723 1746.0 1770.0 57887.0 2543.0 3.95002 0.149012 -0.106634 25.0   4.0464e-01 -350.3744 -282.4689 49204.0 123.46292222 -5.773875
-552.7633 -320.1248 2154.0 1839.0 57833.0 2549.0 4.01197 0.0414309 -0.0871473 25.0   8.3815e-01 -552.5536 -319.3133 60534.1 123.40647222 -5.78409722
-499.74 -1002.7016 2068.0 3216.0 57720.0 2485.0 3.94332 -0.101868 -0.0457844 25.0   7.0134e-01 -499.1374 -1003.0604 59703.5 123.42133889 -5.97403056
77.8439 -309.7762 884.0 1838.0 57587.0 2508.0 3.95844 0.148312 -0.106259 25.0   7.3878e-01 78.5375 -310.0306 49659.2 123.58267222 -5.78153889
-898.9412 -878.9078 2868.0 2954.0 57376.0 2490.0 3.91707 0.158683 -0.0191872 25.0   6.4001e-01 -899.1902 -879.4974 62517.3 123.30962222 -5.93966944
-629.2557 41.9718 2297.0 1107.0 56786.0 2600.0 3.73896 -0.0867793 0.0180286 24.0   1.2246e+00 -629.2027 43.1953 64268.8 123.38510278 -5.68339444
294.6179 365.6009 427.0 484.0 56676.0 2395.0 4.1884 0.24137 0.0109122 25.0   3.3113e+00 291.942 363.6504 58344.5 123.64222778 -5.5944
-538.0726 548.6299 2098.0 89.0 55938.0 2528.0 3.8606 -0.00902908 -0.111095 24.0   2.5789e+00 -538.1228 546.0515 44463.1 123.41056389 -5.54371944
-839.9549 -443.7237 2736.0 2079.0 55497.0 2489.0 3.7384 0.155273 -0.0677307 24.0   3.8978e-01 -839.8124 -443.3609 54954.1 123.32625556 -5.81852778
-716.2827 -16.4623 2474.0 1222.0 55110.0 2468.0 3.7803 -0.0298053 -0.0254125 24.0   9.3915e-01 -716.2921 -15.5232 63387.0 123.36078611 -5.69969722
-893.9267 -290.2176 2840.0 1768.0 55110.0 2480.0 3.80418 0.0644158 -0.0461916 24.0   9.9453e-01 -893.4922 -289.323 60813.5 123.31128611 -5.77573333
-472.5836 -1057.8629 2015.0 3328.0 55055.0 2514.0 3.79899 -0.100651 -0.0556152 24.0   1.1878e+00 -471.3958 -1057.8638 56754.5 123.42908333 -5.98925556
-555.246 -188.644 2155.0 1574.0 54977.0 2464.0 3.79836 0.0106006 -0.0514401 24.0   6.4746e-01 -554.8475 -188.1337 51760.7 123.40584167 -5.74765833
-1181.5757 -778.1079 3434.0 2742.0 54910.0 2447.0 3.81866 0.223843 0.000153555 24.0   1.6317e+01 -1166.0071 -782.9921 30478.9 123.23512222 -5.912825
-280.0446 -27.5136 1596.0 1258.0 54811.0 2489.0 3.77963 0.155362 -0.0606094 24.0   6.2909e-01 -279.7495 -26.958 44874.5 123.48265 -5.70290278
61.5477 -447.5059 921.0 2115.0 54665.0 2461.0 3.74327 0.155215 -0.0665356 24.0   6.5925e-01 62.2068 -447.5201 52239.6 123.57811389 -5.81973056
-937.4079 -1258.6821 2957.0 3718.0 54145.0 2385.0 3.8734 -0.176758 0.0714935 24.0   2.0169e+00 -935.8147 -1257.4453 52966.3 123.29934444 -6.04465
-1453.9531 -369.938 3970.0 1911.0 54140.0 2391.0 3.76904 0.163414 -0.0638959 24.0   1.7491e+00 -1452.2542 -369.5221 52480.7 123.15526667 -5.79792222
363.7448 392.4885 287.0 432.0 53791.0 2392.0 3.85531 0.178104 -0.0174723 24.0   4.5091e+00 360.2496 389.6397 57809.6 123.66129167 -5.58717778
-509.2378 -538.3131 2073.0 2280.0 53519.0 2533.0 3.57599 -0.0812704 -0.0746304 23.0   6.4320e-01 -508.6632 -538.6022 63387.0 123.41871111 -5.84501389
-156.2586 -758.6149 1369.0 2735.0 53406.0 3906.0 3.87429 0.144587 0.0166228 22.0   1.0380e+00 -155.223 -758.685 59979.1 123.51739722 -5.90616389
-898.7907 163.3247 2836.0 854.0 53275.0 2483.0 3.62747 -0.103224 -0.0959677 23.0   6.9307e-01 -898.9627 163.9961 66374.3 123.30981389 -5.64981111
-108.4546 285.3548 1241.0 633.0 52758.0 2438.0 3.78719 -0.0548168 -0.113179 23.0   2.1598e-01 -108.5275 285.5581 55462.6 123.53045278 -5.61609722
-809.2536 -996.6186 2691.0 3194.0 52586.0 2483.0 3.61503 -0.119707 -0.0399501 23.0   6.1633e-01 -809.7752 -996.2903 61659.5 123.33458056 -5.97212222
-32.1905 530.2296 1080.0 142.0 52486.0 2423.0 3.60731 -0.07869 -0.0760686 23.0   2.4800e+00 -32.9558 527.8706 54450.3 123.55154722 -5.54878889
-521.6848 187.0832 2076.0 818.0 52450.0 2463.0 3.7246 -0.0466568 -0.0812445 23.0   1.1546e+00 -521.7601 188.2353 49888.4 123.41510556 -5.64311389
-1141.5388 -436.5243 3343.0 2055.0 52410.0 2439.0 3.60536 0.103335 -0.0479584 23.0   7.5102e-01 -1140.7879 -436.516 64863.4 123.24221944 -5.81658611
411.7465 -89.1653 205.0 1404.0 52000.0 2399.0 3.77665 0.214192 -0.0751064 23.0   2.1013e+00 409.818 -89.9997 52239.6 123.67515278 -5.72040833
-75.0513 -117.6153 1186.0 1446.0 51988.0 2447.0 3.60414 -0.0835784 -0.0760313 23.0   3.8256e-01 -74.7061 -117.4504 47643.1 123.53988889 -5.72804444
-1403.4041 525.1845 3841.0 109.0 51857.0 2375.0 4.10325 0.207772 -0.173329 23.0   5.8390e+00 -1399.191 521.1417 54954.1 123.17025 -5.55052778
-1386.1732 173.5769 3817.0 818.0 51638.0 2390.0 3.80661 0.292915 -0.0974462 23.0   3.0080e+00 -1383.2448 172.8897 51286.1 123.17463611 -5.64726667
503.5963 -415.7846 30.0 2065.0 51196.0 2658.0 6.24709 -0.470373 0.155765 23.0   5.9934e+00 507.6363 -420.2118 946237.2 123.70248333 -5.81212778
-403.2502 -321.2629 1853.0 1846.0 51005.0 2528.0 3.45713 -0.0568959 -0.0700804 22.0   4.9157e+00 -398.9686 -323.6778 23227.4 123.44935278 -5.78531944
-822.1562 -734.2775 2709.0 2665.0 50659.0 2507.0 3.43916 -0.0927105 0.0320632 22.0   2.8804e+00 -820.543 -736.6639 101391.1 123.33160278 -5.90000278
-394.5031 414.8868 1813.0 363.0 50507.0 2488.0 3.55283 0.00208348 -0.116519 22.0   4.6295e-01 -394.7117 414.4735 50350.1 123.45058056 -5.58027778
-398.1402 228.2211 1826.0 739.0 50208.0 2458.0 3.47251 -0.0570362 -0.071731 22.0   1.2167e+00 -398.4684 229.3927 64268.8 123.44952222 -5.63168889
-106.1536 396.0657 1233.0 410.0 50178.0 2408.0 3.46626 0.0266428 -0.0348839 22.0   1.3334e+00 -106.8811 394.9482 60813.5 123.53091389 -5.58571111
-553.0499 -70.9866 2147.0 1337.0 50034.0 2453.0 3.41038 0.108004 -0.00411546 22.0   9.4915e-01 -552.73 -70.093 61094.2 123.40644167 -5.71486944
121.4761 -633.6748 806.0 2492.0 49817.0 2409.0 3.54803 -0.140283 -0.136988 22.0   5.8468e-01 121.9958 -633.9427 44668.4 123.59481111 -5.87151389
-324.5545 -1092.2764 1718.0 3402.0 49425.0 2720.0 3.63121 0.0856725 -0.0309031 21.0   2.5652e+00 -324.0677 -1094.7949 64268.8 123.47023056 -5.99952222
-1508.4663 -81.943 4071.0 1329.0 49422.0 2371.0 3.83917 0.369104 -0.016397 22.0   2.9865e+00 -1505.4824 -82.0678 57544.0 123.14046389 -5.71806389
-475.1432 -1085.6957 2021.0 3384.0 48924.0 2719.0 3.39585 -0.0552075 -0.0649614 21.0   7.0283e-01 -475.4567 -1086.3247 48305.9 123.42794722 -5.99716111
-412.2372 -1041.5348 1893.0 3297.0 48416.0 2479.0 3.37822 -0.107739 -0.0730138 21.0   1.4183e+00 -411.0499 -1042.3107 61659.5 123.44593889 -5.98493889
-497.6729 -383.2868 2045.0 1968.0 48399.0 2525.0 3.29071 0.0360559 -0.0855142 21.0   3.0602e-01 -497.8777 -383.0594 55462.6 123.42173333 -5.80180833
-95.4078 -85.1776 1226.0 1380.0 48362.0 2464.0 3.27703 0.0499006 -0.0831242 21.0   1.0728e+00 -94.6276 -84.4413 57279.6 123.53432778 -5.718875
-637.0654 427.475 2301.0 330.0 48058.0 2451.0 3.43919 0.131942 -0.104072 21.0   1.6042e-01 -637.2212 427.5134 53703.2 123.38289722 -5.57663889
-736.1431 -773.134 2537.0 2746.0 48046.0 2472.0 3.29632 -0.0969537 -0.0283274 21.0   5.1318e-01 -736.0691 -773.6418 48977.9 123.35518889 -5.91028333
-1090.3984 -632.7564 3246.0 2452.0 48043.0 2463.0 3.17946 0.00210758 -0.00172173 21.0   2.2910e-01 -1090.4823 -632.9696 51286.1 123.25623611 -5.87116389
-558.2141 -386.7141 2167.0 1973.0 47904.0 2444.0 3.32651 0.027098 -0.0718724 21.0   4.8249e-01 -557.8081 -386.9748 53703.2 123.405 -5.80289167
-1001.6846 234.6733 3041.0 707.0 47712.0 2438.0 3.40764 0.0667728 -0.150672 21.0   8.9853e-01 -1000.909 234.2196 68233.9 123.28136667 -5.63029167
157.1788 -564.1313 732.0 2353.0 47700.0 2441.0 3.43627 -0.0249764 -0.0797315 21.0   3.2504e-01 157.4145 -564.3551 43451.0 123.6047 -5.85218333
-974.2507 555.7117 2976.0 61.0 47442.0 2386.0 3.31449 0.0340511 -0.0883434 21.0   7.1296e+00 -967.2904 554.1668 219786.0 123.29079167 -5.54142222
-292.0345 404.5765 1607.0 387.0 47367.0 2408.0 3.34086 -0.0253904 -0.0723601 21.0   1.9000e-01 -292.1984 404.4804 48305.9 123.47919167 -5.58305833
-183.6832 -1047.3937 1433.0 3316.0 47317.0 2386.0 4.20959 -0.352919 0.0552283 21.0   3.0355e-01 -183.5752 -1047.6774 54450.3 123.50947222 -5.98643889
-323.8176 -55.9903 1685.0 1314.0 47168.0 2730.0 7.84931 0.64612 0.0645579 21.0   7.2786e+00 -322.2325 -63.0942 1241652.3 123.47078889 -5.71293889
-664.5013 -57.8388 2371.0 1307.0 45861.0 2440.0 3.08687 0.0476621 -0.0368128 20.0   1.1880e+00 -664.7449 -56.676 49204.0 123.37517222 -5.71113333
-56.7222 -213.1149 1152.0 1639.0 45602.0 2385.0 3.17933 -0.0186697 -0.127659 20.0   1.1130e+00 -55.6093 -213.0999 51760.7 123.54521944 -5.75461389
-1034.9145 -919.2473 3143.0 3031.0 45521.0 2425.0 3.22281 0.000246613 0.0333358 20.0   9.5893e-01 -1033.9627 -919.1315 59979.1 123.27197778 -5.95066111
-818.613 -738.6888 2702.0 2674.0 45437.0 2412.0 3.70812 -0.12613 -0.163772 20.0   2.7974e+00 -820.543 -736.6639 101391.1 123.33160278 -5.90000278
-481.8341 -609.8485 2020.0 2425.0 45304.0 2396.0 3.17688 0.0191401 -0.125506 20.0   9.7123e-01 -481.7466 -610.8158 51760.7 123.42622222 -5.865075
191.2738 -585.4358 664.0 2397.0 45182.0 2382.0 3.37055 0.128689 -0.171122 20.0   6.7969e-01 191.7626 -585.9081 48977.9 123.61429167 -5.85816944
-407.0259 -432.9895 1864.0 2071.0 45141.0 2371.0 3.08961 0.0468513 -0.0363635 20.0   9.4109e-01 -406.3091 -433.5993 48083.9 123.44729722 -5.81585278
-932.1443 -916.6491 2936.0 3029.0 45130.0 2383.0 3.19414 0.178429 0.00513466 20.0   4.3608e-01 -931.9361 -917.0323 54954.1 123.30047222 -5.95009167
-435.4678 -490.012 1923.0 2185.0 43302.0 2413.0 3.37786 0.113874 0.00721563 19.0   5.0872e-01 -435.1576 -490.4152 51286.1 123.43923889 -5.83163333
-886.3718 -395.8115 2828.0 1981.0 43218.0 2386.0 2.95843 0.00223914 -0.0803655 19.0   1.9656e+00 -887.6761 -394.3409 66680.7 123.31289722 -5.80490556
-565.857 20.6288 2170.0 1152.0 43102.0 2406.0 3.01038 0.0881977 -0.0355486 19.0   9.4965e-01 -565.7602 21.5735 55718.6 123.40281111 -5.68940556
-221.2837 -629.6002 1496.0 2473.0 43088.0 2383.0 2.99978 -0.00217015 -0.0705506 19.0   1.3647e+00 -220.1507 -630.3609 51050.5 123.49926944 -5.87051667
-803.8211 -73.9119 2652.0 1335.0 43015.0 2401.0 3.16234 0.0667253 -0.0553787 19.0   6.8575e-01 -803.5659 -73.2754 56234.1 123.33641667 -5.71573056
-251.9681 86.5778 1536.0 1029.0 42783.0 2379.0 3.08222 0.108256 -0.140817 19.0   1.7175e+00 -253.4444 87.4554 70794.6 123.48999722 -5.67112222
300.0415 -1341.5867 468.0 3924.0 42781.0 2508.0 16.7981 0.305003 0.373971 19.0   4.6958e+00 296.9286 -1338.0709 186208.7 123.64368889 -6.0671
-364.6959 -769.3159 1789.0 2750.0 42549.0 2375.0 3.13865 -0.0564108 -0.165576 19.0   1.1825e+00 -363.9475 -770.2315 49659.2 123.45910833 -5.90936389
-168.6323 455.1418 1357.0 289.0 40773.0 2573.0 3.10449 0.107243 0.0420182 18.0   6.5449e-01 -168.094 455.5141 43651.6 123.51383056 -5.56888611
-886.5366 -384.8954 2828.0 1959.0 40706.0 2392.0 2.85367 0.0950043 -0.0941069 18.0   4.2906e-01 -886.7451 -384.5204 51999.6 123.31315833 -5.80217778
-266.4787 -268.0072 1576.0 1743.0 40219.0 2377.0 2.96242 0.0936429 -0.131939 18.0   8.0566e-01 -265.6782 -267.9162 47863.0 123.48656944 -5.76983611
-131.9429 -888.7619 1324.0 2998.0 39703.0 3345.0 4.09439 -0.252804 0.0490024 17.0   4.9094e+00 -136.8521 -888.8037 628058.4 123.522525 -5.94230833
40.9218 523.4311 933.0 158.0 39426.0 3083.0 3.61331 0.0885218 0.0385277 17.0   4.3983e+00 40.4286 519.0605 58344.5 123.57202778 -5.55123611
-629.8033 -710.924 2321.0 2624.0 38822.0 2404.0 2.76926 -0.0204206 -0.0229656 17.0   7.1972e-01 -629.4779 -711.566 57279.6 123.38496111 -5.89305
-300.1649 318.0932 1626.0 561.0 38814.0 2826.0 2.75739 0.0260862 -0.0572618 17.0   1.3228e+00 -301.024 319.0991 45081.7 123.476725 -5.606775
-780.7342 534.9127 2587.0 109.0 35990.0 2374.0 2.58618 -0.148857 -0.0838572 16.0   1.4905e+00 -779.783 533.7652 51050.5 123.34311944 -5.54711111
-907.8754 -945.0553 2888.0 3087.0 34767.0 3691.0 2.33925 0.0437281 -0.0770116 15.0   3.4971e-01 -908.142 -945.2816 38370.7 123.30711389 -5.95794167
-1489.0053 10.6728 4029.0 1143.0 32362.0 2841.0 3.30763 0.424455 0.0758412 14.0   2.4602e+01 -1464.6052 13.8224 55975.8 123.15189444 -5.69143611
-432.9793 -260.1862 1911.0 1722.0 31748.0 2465.0 4.03818 -0.159894 -0.112882 14.0   6.5239e+00 -426.6605 -258.5633 812830.5 123.441625 -5.76723056
-586.7438 -10.4681 2213.0 1214.0 31434.0 2566.0 2.53809 -0.198538 -0.184061 14.0   1.2416e+00 -586.9962 -9.2524 43451.0 123.39688056 -5.69796667
-1097.987 -459.1699 3256.0 2102.0 31311.0 2454.0 3.07936 0.0445162 0.0105805 14.0   2.8696e+00 -1100.8322 -459.5443 94189.0 123.25337222 -5.82298889
-317.1451 -70.2787 1672.0 1343.0 31060.0 2531.0 3.15837 -0.124262 -0.236904 14.0   8.8033e+00 -322.2325 -63.0942 1241652.3 123.47078889 -5.71293889
481.9152 -131.2471 65.0 1491.0 30964.0 2467.0 2.35298 0.140211 -0.126985 14.0   2.8276e+00 479.2407 -132.1648 48083.9 123.69453611 -5.73211667
-895.0797 -1364.7253 2875.0 3933.0 30878.0 2393.0 2.46142 -0.227841 0.196001 14.0   3.9692e+00 -893.3846 -1361.1364 40738.0 123.31118333 -6.07345833
-275.585 -59.7034 1588.0 1323.0 30423.0 2536.0 2.21917 -0.00276381 -0.187778 13.0   1.1246e+01 -264.481 -61.486 10617.0 123.48691111 -5.71249444
-894.3912 135.1043 2828.0 911.0 28477.0 2736.0 3.67583 0.100758 -0.00501272 12.0   1.0065e+00 -894.4021 134.0979 73113.9 123.31108333 -5.65811667
-854.0958 393.8099 2739.0 391.0 27651.0 4263.0 3.73525 -0.170955 -0.0765105 11.0   2.0758e+00 -854.0971 395.8857 66374.3 123.32236389 -5.58540278
-193.3607 -308.0578 1430.0 1826.0 27326.0 4470.0 4.04495 0.153597 0.0392098 11.0   5.0013e+00 -188.398 -307.4377 383707.2 123.50814444 -5.78081667
-754.6708 -730.2453 2573.0 2659.0 27032.0 2871.0 2.7641 0.108029 -0.222492 12.0   1.0665e+00 -755.6609 -729.8488 39445.7 123.34972222 -5.89811667
-231.728 -530.007 1514.0 2272.0 26753.0 2553.0 4.72363 0.344568 -0.0244985 12.0   6.8330e+00 -233.0933 -536.7023 628058.4 123.49565833 -5.8445
-153.695 -270.7118 1349.0 1752.0 26036.0 4743.0 4.24337 0.125796 0.133697 10.0   3.8416e+00 -150.1165 -269.3146 56754.5 123.51883333 -5.77022778
-1209.8827 -844.0618 3493.0 2874.0 25666.0 2696.0 3.27288 0.0209794 -0.0434067 11.0   4.1816e+00 -1205.7178 -844.4355 57809.6 123.22402222 -5.92988611
-29.2037 529.78 1074.0 143.0 23274.0 2725.0 2.97452 0.236187 0.000776371 10.0   4.2100e+00 -32.9558 527.8706 54450.3 123.55154722 -5.54878889
-1326.5723 568.0741 3685.0 25.0 22830.0 2523.0 1.61202 -0.265307 -0.182941 10.0   2.1056e+01 -1336.8463 586.4531 12473.8 123.18766111 -5.53239722
-1429.0131 17.5657 3908.0 1131.0 22679.0 2770.0 3.0483 0.289146 -0.156834 10.0   4.5975e+00 -1424.5554 16.4404 50815.9 123.163075 -5.69071667
303.3832 -17.4059 421.0 1256.0 22211.0 2603.0 1.68224 0.0185202 -0.086588 10.0   1.5305e+00 301.9385 -17.9111 43853.1 123.64503333 -5.70038889
85.3073 215.4259 853.0 780.0 22051.0 2405.0 1.91025 -0.0735924 -0.228622 10.0   9.7790e-01 84.4091 215.0392 38194.4 123.58430556 -5.63568611
-1046.6706 -1127.3807 3173.0 3450.0 21883.0 3495.0 4.46498 -0.0117329 -0.084601 9.0   3.7373e+00 -1046.8752 -1123.649 68865.2 123.26834167 -6.00746944
-497.8678 -501.9055 2049.0 2207.0 21051.0 2606.0 1.30165 0.000592512 -0.000858146 9.0   1.9056e+01 -511.8028 -514.903 124165.2 123.41783611 -5.83843056
-512.5077 -749.2917 2086.0 2705.0 20374.0 2627.0 5.01428 0.193747 -0.000928478 9.0   5.9337e+00 -512.13 -755.2133 467735.1 123.41772778 -5.90518333
376.9226 -184.0064 278.0 1594.0 20368.0 2526.0 3.23378 -0.0125444 0.167797 9.0   4.0839e+00 372.846 -183.7628 110153.9 123.66483611 -5.74645556
-267.5092 -265.5418 1578.0 1738.0 20242.0 2500.0 3.0075 -0.269038 -0.1243 9.0   2.9984e+00 -265.6782 -267.9162 47863.0 123.48656944 -5.76983611
277.029 510.742 458.0 191.0 19481.0 3729.0 1.11809 -0.000550427 0.111038 8.0   4.4185e+01 237.3721 530.2274 29922.6 123.62699167 -5.54813056
-1197.2687 -1153.0597 3477.0 3497.0 18168.0 2448.0 2.68965 -0.637226 -0.1559 8.0   1.1284e+01 -1204.5825 -1144.4666 15275.7 123.22428889 -6.01322778
-118.0896 68.3211 1267.0 1070.0 17797.0 2389.0 2.94817 0.149177 0.205672 8.0   2.6630e+00 -115.7805 69.6477 42462.0 123.528425 -5.67607222
-668.4125 -1344.3098 2418.0 3899.0 17787.0 2594.0 4.20317 0.0471283 0.0726273 8.0   1.1769e+01 -657.2029 -1340.7259 963829.0 123.37716111 -6.06781389
-129.7054 -576.5542 1310.0 2369.0 16189.0 2531.0 1.03473 -0.0786041 0.000621185 7.0   3.9670e+01 -155.7519 -606.475 38904.5 123.51725278 -5.86388333
-349.7017 13.5836 1735.0 1173.0 15829.0 2483.0 1.1194 -0.000625259 0.246839 7.0   3.6342e+01 -366.7496 45.6784 13740.4 123.45836667 -5.68272222
-8.8155 265.0743 1041.0 677.0 15638.0 2599.0 1.81787 0.217924 -0.280399 7.0   1.1411e+00 -8.3108 264.0509 43651.6 123.558425 -5.62207222
-930.107 99.309 2901.0 982.0 15471.0 2405.0 2.90611 0.00135695 -0.403149 7.0   2.1379e+00 -928.1309 98.493 36812.9 123.30166389 -5.66800278
505.3969 -502.1127 29.0 2239.0 14278.0 2809.0 4.26431 -0.380393 0.13834 6.0   3.9075e+00 504.3041 -498.3611 152054.8 123.70155833 -5.83383611
-270.2878 82.8175 1573.0 1036.0 14196.0 2635.0 2.45882 -0.812474 0.142481 6.0   1.7470e+01 -253.4444 87.4554 70794.6 123.48999722 -5.67112222
-172.2879 598.5154 1360.0 0.0 14022.0 2541.0 1.76004 0.851415 -0.0010906 6.0   1.2836e+00 -173.2015 597.6137 89949.8 123.51240833 -5.52941389
-153.3821 -192.7878 1346.0 1595.0 13970.0 2557.0 0.922299 0.0152788 0.143437 6.0   3.1420e+01 -163.1041 -222.6655 24547.1 123.51520833 -5.75726944
-177.0552 -138.0684 1392.0 1484.0 13765.0 2659.0 4.0976 0.0860337 -0.288033 6.0   4.3733e+00 -172.9612 -139.6063 69502.4 123.51245833 -5.73419722
8.344 -542.1379 1031.0 2304.0 13678.0 2457.0 3.54551 0.859077 -0.0403008 6.0   9.5930e+00 17.6667 -544.3992 27289.8 123.56567778 -5.84664167
-1039.5647 111.9916 3121.0 953.0 13417.0 2465.0 5.81945 0.670346 0.0682765 6.0   1.5188e+00 -1040.735 112.9596 34994.5 123.27023333 -5.66396944
-296.2176 -1028.3073 1659.0 3274.0 13384.0 2498.0 3.40552 0.272585 -0.315573 6.0   6.4026e+00 -301.0451 -1024.1014 891250.9 123.47666389 -5.97988611
