2663.0 189.0 2792400.0 65535.0 8.3562 0.040978 -0.0342256 81.0
2727.0 790.0 2770900.0 65535.0 8.27821 -0.00190796 -0.0301189 81.0
1830.0 681.0 2715020.0 65535.0 8.25669 0.0211835 -0.0166124 81.0
978.0 2698.0 2674370.0 65535.0 8.4515 -0.0253505 0.0213591 81.0
1008.0 1397.0 2496020.0 65535.0 7.92116 0.0143266 -0.026871 81.0
1956.0 2055.0 2392480.0 65535.0 7.68438 0.0339787 -0.0214982 81.0
3010.0 802.0 2390520.0 65535.0 7.84733 0.0338439 -0.0251291 81.0
2068.0 1765.0 2382980.0 65535.0 7.58887 -0.00030987 -0.0190481 81.0
1938.0 1958.0 2328250.0 65535.0 7.57321 0.0106626 -0.0222987 81.0
1877.0 1582.0 2251990.0 65535.0 7.49157 0.0642474 -0.0179453 81.0
3960.0 1061.0 2091670.0 65535.0 7.61078 0.137748 -0.0360944 81.0
625.0 1283.0 2082040.0 65535.0 7.47149 0.0453504 -0.0233316 81.0
3116.0 1578.0 2077650.0 65535.0 7.27284 0.0410961 -0.0256394 81.0
1684.0 1330.0 2073740.0 65535.0 7.25707 0.0189051 -0.0247137 81.0
2423.0 1979.0 2039430.0 65535.0 7.19943 0.0181101 -0.0282781 81.0
3305.0 257.0 1949230.0 65535.0 7.48082 0.0549495 -0.0552857 81.0
2228.0 2559.0 1895120.0 65535.0 7.07655 0.0243318 -0.0209584 81.0
2166.0 3589.0 1885220.0 65535.0 7.40014 -0.058899 -0.000207443 81.0
1076.0 268.0 1830500.0 65535.0 7.47362 0.0139439 -0.0195217 80.0
3552.0 2275.0 1816770.0 65535.0 7.27821 0.0758023 -0.00917119 81.0
2581.0 1631.0 1767280.0 65535.0 7.01072 0.0174038 -0.0254465 81.0
2092.0 1862.0 1733200.0 65535.0 6.98065 -0.00134195 -0.0267184 81.0
3982.0 936.0 1700660.0 62923.0 7.86935 0.141419 -0.0498871 81.0
2397.0 3895.0 1669680.0 57752.0 7.95938 -0.0959722 0.0320188 81.0
17.0 2074.0 1623340.0 59232.0 8.17197 0.113164 -0.0529454 81.0
3143.0 2552.0 1583460.0 65535.0 7.00406 0.0542849 -0.0110964 81.0
1806.0 1524.0 1581350.0 65535.0 6.89711 0.0164921 -0.0292033 81.0
2487.0 2177.0 1529680.0 65535.0 6.85908 0.0286124 -0.0255393 81.0
1968.0 1179.0 1499530.0 65535.0 6.98253 0.0220429 -0.0277789 81.0
682.0 1562.0 1469580.0 59838.0 7.33277 0.0582619 -0.025772 81.0
2060.0 1271.0 1341750.0 59823.0 6.92473 0.0255619 -0.0264182 80.0
553.0 1843.0 1339230.0 54461.0 7.45479 0.0608438 -0.0335048 81.0
1670.0 3264.0 1327170.0 55189.0 7.18152 -0.0271026 -0.0292028 81.0
1374.0 1209.0 1308690.0 53592.0 7.19093 0.0255602 -0.0259975 81.0
1899.0 1720.0 1178550.0 51245.0 7.12555 0.00979316 -0.0299545 81.0
2915.0 1785.0 1142170.0 50896.0 7.10975 0.0302311 -0.0279896 81.0
2742.0 1126.0 990096.0 42568.0 7.35077 0.0288522 -0.0255191 81.0
1425.0 3025.0 977781.0 40260.0 7.41452 -0.00334324 -0.0306758 81.0
856.0 1000.0 964676.0 36086.0 7.70237 0.03357 -0.0126864 81.0
1500.0 2613.0 953844.0 39900.0 7.39323 0.0244788 -0.0341559 81.0
1981.0 1702.0 953692.0 40961.0 7.37478 0.0197186 -0.0289055 81.0
1730.0 2725.0 944725.0 41086.0 7.31507 0.00655815 -0.0282041 81.0
2884.0 2985.0 943229.0 38669.0 7.42791 0.015924 0.00597249 81.0
1562.0 1992.0 920372.0 38636.0 7.41455 0.0272063 -0.0245206 81.0
3640.0 2626.0 903190.0 35320.0 7.91795 0.0836998 0.0187053 81.0
1972.0 479.0 897795.0 35526.0 7.59057 0.0172966 -0.0266942 81.0
2665.0 205.0 885265.0 34142.0 7.78183 0.0266415 -0.0380488 81.0
1518.0 2285.0 847673.0 36089.0 7.50435 0.0211753 -0.0268782 81.0
2476.0 1294.0 836030.0 34742.0 7.58489 0.0302236 -0.0239435 81.0
1335.0 2997.0 787496.0 31730.0 7.64706 -0.00634784 -0.0285077 81.0
308.0 2440.0 761200.0 26650.0 8.52741 0.0631525 -0.0529479 81.0
375.0 1726.0 758531.0 27980.0 8.19117 0.0577836 -0.0265421 81.0
1648.0 3165.0 742816.0 29521.0 7.77581 -0.000357934 -0.0204909 81.0
2046.0 2309.0 720037.0 30462.0 7.65446 0.025765 -0.0257995 81.0
1988.0 1715.0 705441.0 28163.0 7.75764 0.00903791 -0.0263245 81.0
2050.0 1828.0 703541.0 29629.0 7.68068 0.0386721 -0.0225753 80.0
660.0 3766.0 701518.0 20166.0 9.3517 -0.0742943 -0.0858032 81.0
826.0 1900.0 691570.0 26783.0 7.9176 0.0235263 -0.0252091 81.0
3335.0 2311.0 690737.0 26913.0 7.88241 0.0345096 -0.00356107 81.0
1397.0 2260.0 661201.0 26180.0 7.937 0.0220362 -0.0284002 81.0
3943.0 550.0 607874.0 20064.0 8.78989 0.0886611 -0.0439262 81.0
2574.0 2200.0 597984.0 24094.0 7.96075 0.0296541 -0.0177 81.0
2254.0 2872.0 568458.0 21972.0 8.16224 0.0171422 -0.0222338 81.0
3342.0 403.0 559246.0 18980.0 8.60846 0.0407762 -0.0374961 81.0
2187.0 2361.0 547921.0 21580.0 8.10097 0.00979324 -0.0214248 81.0
717.0 1666.0 526987.0 18702.0 8.54358 0.0299931 -0.0201758 81.0
1223.0 1339.0 521299.0 19252.0 8.39661 0.0130342 -0.0175423 81.0
2204.0 2942.0 512031.0 18961.0 8.28098 -0.000927818 -0.0107023 81.0
2287.0 2626.0 510771.0 19854.0 8.27082 0.00862219 -0.0203792 81.0
446.0 677.0 491560.0 15589.0 9.12883 0.0384734 -0.00537572 81.0
1615.0 2379.0 477165.0 17661.0 8.4484 0.010639 -0.0193358 81.0
3771.0 281.0 450183.0 13790.0 9.34514 0.0571923 -0.0382592 81.0
1608.0 1996.0 447356.0 15872.0 8.62017 0.0111902 -0.0164704 81.0
1541.0 2867.0 445013.0 15939.0 8.71613 0.0126602 -0.0167684 81.0
786.0 1286.0 441353.0 14717.0 9.02316 0.0359954 -0.0147661 81.0
257.0 1670.0 440331.0 13478.0 9.26706 0.0519947 -0.0176826 81.0
1980.0 4008.0 439761.0 12261.0 9.62035 -0.0895582 -0.00478405 81.0
1847.0 1718.0 439715.0 15936.0 8.78976 0.0242438 -0.0181862 81.0
3910.0 1184.0 437486.0 13792.0 9.21533 0.0783498 -0.0214232 81.0
2086.0 2716.0 435614.0 15817.0 8.64505 0.00371362 -0.0160058 81.0
1807.0 1768.0 433540.0 15406.0 8.70707 0.013705 -0.0161934 81.0
1483.0 1221.0 433275.0 14906.0 8.82456 0.00513462 -0.0170392 81.0
3559.0 2276.0 423287.0 40062.0 10.7718 0.225669 -0.00371617 81.0
2846.0 100.0 409866.0 13087.0 9.39247 0.00429999 -0.0415026 81.0
3413.0 1577.0 408379.0 13748.0 9.07434 0.0317461 -0.0204416 81.0
3224.0 461.0 402354.0 10825.0 10.1779 0.069018 -0.0687139 81.0
61.0 1834.0 400379.0 11190.0 9.7012 0.0590114 -0.0227732 81.0
2476.0 1272.0 395441.0 13551.0 9.07983 0.0221858 -0.0182276 81.0
3774.0 390.0 395224.0 11582.0 9.58812 0.0491956 -0.0363805 81.0
1694.0 1525.0 394000.0 45405.0 8.44196 0.0334254 0.0291038 70.0
3427.0 1062.0 393819.0 12788.0 9.20434 0.0279324 -0.020288 81.0
3097.0 1095.0 393453.0 11469.0 9.49751 0.0416152 0.00863468 81.0
1541.0 699.0 392157.0 12758.0 9.18991 0.00337846 -0.0179303 81.0
2204.0 2021.0 390897.0 13879.0 8.97818 0.0146127 -0.0156838 81.0
2251.0 2974.0 388831.0 13208.0 8.98861 -0.00401341 -0.00459004 80.0
1475.0 2201.0 388161.0 13033.0 9.049 0.00402093 -0.0162801 81.0
4074.0 297.0 382045.0 10671.0 9.86813 0.0711807 -0.0339176 81.0
3223.0 3266.0 380943.0 11429.0 9.50082 0.0126857 0.0251869 81.0
1712.0 2844.0 368336.0 12508.0 9.16506 0.0072016 -0.0161454 81.0
2449.0 309.0 360588.0 10924.0 9.56714 0.00695186 -0.0292042 81.0
4081.0 1524.0 359017.0 10316.0 9.83224 0.0674911 -0.0135734 81.0
1690.0 2124.0 357856.0 10988.0 9.39719 -0.00542716 -0.0108557 81.0
3720.0 1966.0 357528.0 10560.0 9.55199 0.0526759 -0.00300765 81.0
2544.0 1524.0 344921.0 11054.0 9.18833 0.0171026 -0.0109869 79.0
3838.0 3363.0 338335.0 8298.0 10.3712 0.0376179 0.0477289 81.0
3069.0 582.0 333467.0 9918.0 9.68097 0.0174777 -0.0200181 81.0
1279.0 1729.0 331463.0 9859.0 9.59411 0.014185 -0.0109035 81.0
2071.0 2487.0 328859.0 10522.0 9.11814 0.0243195 0.0016411 78.0
3358.0 56.0 325339.0 9079.0 10.0282 0.0204171 -0.0308486 81.0
2399.0 248.0 324945.0 9444.0 9.91852 -0.0028584 -0.0283913 81.0
915.0 1800.0 318523.0 9425.0 9.7463 0.0127598 -0.011634 81.0
1135.0 2736.0 318380.0 9435.0 9.60946 0.0160055 -0.0158739 80.0
2273.0 2152.0 315880.0 10236.0 9.20929 0.0264685 0.00282072 78.0
2327.0 2131.0 312484.0 10017.0 9.60485 0.00676878 -0.0107042 81.0
1575.0 3062.0 309225.0 9163.0 9.81357 8.42432e-05 -0.0148424 81.0
1174.0 1261.0 302506.0 8568.0 9.9458 0.0168519 -0.00880993 81.0
154.0 2884.0 299762.0 7090.0 10.7251 0.0270314 -0.0398423 81.0
2350.0 3930.0 297766.0 7301.0 10.3175 -0.0255262 0.00950616 80.0
1117.0 3637.0 296569.0 7611.0 10.501 -0.0379373 -0.0295829 81.0
2558.0 1611.0 295314.0 8940.0 9.4751 0.0221992 -0.0305838 78.0
1421.0 1826.0 294521.0 8978.0 9.52369 0.028088 0.00606371 78.0
2329.0 1422.0 293416.0 9129.0 9.51859 0.0307514 0.00649402 78.0
2437.0 3502.0 289222.0 7632.0 10.1655 -0.0138376 0.00287081 81.0
1515.0 1348.0 286254.0 8192.0 9.7625 0.0237523 -0.000417439 79.0
1460.0 742.0 283811.0 7606.0 10.179 0.00720098 -0.00897384 81.0
1934.0 1479.0 281801.0 7787.0 10.0721 0.00609941 -0.00725787 81.0
3832.0 596.0 280962.0 7013.0 10.378 0.0655474 -0.0187355 80.0
725.0 3884.0 280819.0 5765.0 11.1663 -0.047132 -0.0440291 81.0
2260.0 390.0 278193.0 7859.0 9.60332 0.0298455 -0.00721554 76.0
758.0 4021.0 274438.0 5591.0 11.172 -0.0598838 -0.0530207 80.0
3576.0 702.0 270860.0 6785.0 10.3913 0.0384603 -0.0259446 80.0
2452.0 1023.0 266304.0 7615.0 9.6994 0.0388915 0.000854332 77.0
3635.0 2198.0 263916.0 6748.0 10.3586 0.0496438 -0.00113232 80.0
3165.0 3525.0 261891.0 6033.0 10.8412 -0.00300253 0.022015 81.0
575.0 2176.0 258725.0 6953.0 10.0113 0.051644 -0.00361079 77.0
3328.0 1651.0 258136.0 7263.0 9.8655 0.0521414 0.000721203 77.0
24.0 2441.0 255541.0 5862.0 10.499 0.0644648 -0.0559384 77.0
689.0 3685.0 255487.0 5158.0 11.349 -0.0163839 -0.033853 81.0
224.0 904.0 253726.0 6050.0 10.1202 0.0551609 -0.00333279 76.0
944.0 3595.0 251967.0 5663.0 10.9522 -0.0226903 -0.0355842 80.0
27.0 2231.0 249990.0 5576.0 10.5991 0.052776 -0.0399947 78.0
1208.0 1530.0 246806.0 6734.0 9.60141 0.0437319 -0.028025 74.0
4052.0 2126.0 245688.0 5840.0 10.1967 0.0731154 0.000722507 76.0
1817.0 1293.0 245394.0 6623.0 9.79716 0.0324616 -0.00964858 76.0
3454.0 40.0 240357.0 5633.0 10.2363 0.0424074 -0.0235736 76.0
3285.0 794.0 239418.0 6270.0 9.90803 0.0500592 0.015205 75.0
1632.0 4041.0 239186.0 5018.0 11.0235 -0.0778615 -0.0194566 79.0
1792.0 166.0 235986.0 5661.0 10.3866 -0.00774119 -0.0111409 77.0
2559.0 469.0 234479.0 6529.0 9.28741 0.0113709 0.00405891 71.0
1580.0 4040.0 227163.0 4683.0 10.8731 -0.046044 -0.0329964 77.0
2954.0 2408.0 222766.0 6428.0 9.1713 0.0270044 0.00704382 70.0
2772.0 3219.0 221801.0 5785.0 9.45654 0.0287364 0.0401004 71.0
2055.0 52.0 218867.0 5177.0 10.1579 -0.0453829 0.0167951 74.0
3293.0 3438.0 218772.0 5112.0 10.2908 0.0687112 0.0767848 73.0
1512.0 200.0 218626.0 5386.0 9.65487 0.0377701 0.0292073 71.0
1329.0 2789.0 217620.0 5918.0 9.29764 -0.0164986 0.0126206 70.0
1306.0 3364.0 214975.0 5138.0 9.94915 -0.0386503 -0.0224646 73.0
2913.0 2394.0 210479.0 5723.0 9.21414 0.0810725 0.0215598 69.0
2958.0 64.0 207891.0 4830.0 9.99014 0.0498453 -0.034889 72.0
3576.0 3255.0 206675.0 4496.0 10.2745 0.0130629 0.0847148 72.0
3493.0 1977.0 206130.0 5297.0 9.41647 0.0610058 0.0250893 69.0
903.0 1192.0 202092.0 4789.0 9.65874 0.0231916 0.00747162 70.0
3813.0 1379.0 201745.0 4766.0 9.9501 0.108769 -0.0265127 71.0
3865.0 382.0 201530.0 4578.0 10.096 0.106561 -0.0576987 71.0
692.0 259.0 199556.0 4475.0 9.88184 0.0616611 -0.00771112 70.0
2897.0 1.0 197132.0 6712.0 7.94333 0.351115 -0.00269144 55.0
974.0 2519.0 195548.0 5288.0 8.85589 0.024416 -0.00176987 65.0
857.0 1381.0 194650.0 4866.0 9.33724 0.0811305 0.0391741 67.0
3852.0 1542.0 194566.0 4547.0 9.80799 0.157856 -0.034025 69.0
808.0 3755.0 194105.0 3939.0 10.5149 -0.0640975 -0.0996489 71.0
2651.0 245.0 192597.0 4675.0 9.31584 -0.0148222 -0.0559573 67.0
1969.0 1847.0 189815.0 5163.0 8.93035 0.0446319 0.00106302 65.0
507.0 3686.0 189051.0 3532.0 10.9288 -0.0611362 -0.10836 72.0
1889.0 392.0 188956.0 5029.0 8.68817 0.0882581 0.0272406 63.0
3073.0 3308.0 188491.0 4493.0 9.5174 0.0704047 0.0838428 67.0
4066.0 1492.0 188099.0 4294.0 9.66329 0.148354 -0.0311284 67.0
630.0 2205.0 187302.0 4432.0 9.40327 0.0280124 -0.0480026 67.0
2872.0 2404.0 185518.0 5044.0 8.74597 0.0843364 -0.0168656 64.0
286.0 3136.0 184549.0 3802.0 10.2319 -0.00707567 -0.0985311 69.0
3420.0 2750.0 182869.0 4479.0 9.37786 0.132115 0.02193 66.0
1815.0 3753.0 182551.0 4003.0 9.6563 -0.147049 0.000708036 67.0
1851.0 919.0 182284.0 4746.0 8.90189 0.0874912 0.0198351 64.0
3032.0 1295.0 182223.0 8878.0 8.27204 -0.0429621 -0.0457825 61.0
2910.0 2799.0 181928.0 4626.0 9.01126 -0.00945334 0.0252472 65.0
2744.0 3342.0 181217.0 4421.0 9.15245 0.0343724 0.0543727 65.0
3771.0 1994.0 179804.0 4325.0 9.2356 0.146572 0.00155267 65.0
1128.0 1460.0 178971.0 4378.0 9.20887 0.0358043 -0.0381567 65.0
1688.0 21.0 176653.0 4237.0 8.96669 -0.00614676 0.0175431 63.0
2840.0 1015.0 176437.0 4489.0 8.77842 -0.0116263 -0.0418868 63.0
3079.0 1408.0 176134.0 4442.0 8.96384 0.0253504 -0.0184462 64.0
1102.0 3534.0 175246.0 4113.0 9.51916 -0.0972239 -0.0890204 65.0
1230.0 3350.0 174359.0 4128.0 9.21588 -0.0211665 -0.0849799 64.0
1367.0 2541.0 173297.0 4832.0 8.32248 0.0642462 0.0268867 60.0
1514.0 3457.0 173090.0 4257.0 8.84236 -0.0907538 -0.0712976 62.0
334.0 2764.0 172260.0 3626.0 9.8491 0.032934 -0.0947749 66.0
1521.0 1306.0 169999.0 4144.0 9.0983 0.0944153 0.0403315 63.0
1740.0 2571.0 167640.0 4453.0 8.38431 0.0513055 -0.0382705 60.0
3990.0 3396.0 165844.0 3341.0 9.94672 0.0677649 0.135727 64.0
3749.0 1375.0 165750.0 4022.0 9.08965 0.193551 -0.0515071 62.0
3216.0 1033.0 164208.0 4319.0 8.36451 0.0309198 -0.0454514 59.0
1729.0 11.0 161910.0 4047.0 8.49092 0.0601127 0.0323135 59.0
1696.0 1710.0 160687.0 4094.0 8.45593 0.0972927 -0.0447755 59.0
2690.0 3524.0 159562.0 3805.0 8.7356 -0.0500224 0.0601915 60.0
4085.0 459.0 159268.0 3463.0 9.41108 0.156208 -0.0805277 62.0
1569.0 2828.0 157195.0 4154.0 8.207 0.093274 -0.0290336 58.0
2724.0 2649.0 156419.0 4315.0 7.99328 0.0746716 0.00743194 57.0
2806.0 1342.0 156124.0 4308.0 7.69189 0.00735522 -0.00761041 55.0
2474.0 312.0 155130.0 3796.0 8.35835 0.0665507 -0.0378365 58.0
733.0 3834.0 154698.0 3162.0 9.52344 -0.152932 -0.0937166 61.0
3742.0 2871.0 153954.0 3759.0 8.36922 0.0706712 0.0591825 57.0
971.0 3986.0 153917.0 3013.0 9.64315 -0.0773812 -0.113233 62.0
2278.0 1005.0 152736.0 4250.0 7.78081 0.0437789 -0.0351605 55.0
1033.0 125.0 152323.0 3492.0 8.72887 0.101761 0.0334951 59.0
226.0 1877.0 151913.0 3449.0 9.11881 0.197614 -0.0384143 60.0
231.0 3203.0 151887.0 3059.0 9.89584 0.100935 -0.152946 62.0
474.0 3927.0 149969.0 2835.0 10.1174 -0.121207 -0.151897 62.0
2758.0 817.0 149723.0 3717.0 8.42405 0.0901082 -0.0368195 58.0
516.0 2404.0 148737.0 3645.0 8.55622 0.0693495 -0.0817064 58.0
2809.0 586.0 146632.0 3764.0 7.89688 0.0440887 -0.0351393 55.0
1925.0 1561.0 146373.0 4022.0 7.92337 0.0875664 -0.0195925 55.0
1871.0 3304.0 146213.0 3867.0 7.89361 -0.0425895 0.0308488 55.0
1793.0 660.0 144856.0 3693.0 7.9436 0.00734957 -0.00522082 55.0
3180.0 3765.0 144106.0 3404.0 8.28164 0.0274288 0.09604 55.0
2172.0 1409.0 143780.0 3681.0 7.97452 0.0901656 -0.0432964 55.0
3790.0 1761.0 141718.0 3536.0 8.31682 0.269292 -0.0176857 55.0
171.0 429.0 140333.0 3128.0 8.83642 0.171523 0.0578486 57.0
3794.0 83.0 139523.0 3235.0 8.34375 0.073775 -0.0867905 55.0
958.0 357.0 139235.0 3073.0 9.08085 0.149007 -0.079387 57.0
2446.0 3025.0 139064.0 3839.0 7.50293 0.0693089 0.0381206 52.0
301.0 2006.0 138325.0 3430.0 8.23286 0.212718 -0.0764504 54.0
2078.0 2231.0 137444.0 3838.0 7.58513 0.0157947 -0.0480288 52.0
536.0 113.0 136607.0 3047.0 8.52336 0.079689 0.052156 56.0
462.0 3920.0 134084.0 2643.0 9.4294 -0.1075 -0.163843 57.0
3915.0 3038.0 133620.0 3095.0 8.6927 0.270529 0.112502 54.0
830.0 3581.0 133351.0 3074.0 8.56033 -0.0645539 -0.155725 54.0
80.0 2856.0 133165.0 2950.0 9.02475 0.113649 -0.174395 55.0
4027.0 468.0 133089.0 3428.0 7.6702 0.101991 -0.0571494 51.0
1125.0 2027.0 131852.0 3612.0 7.47474 0.091119 -0.0108473 51.0
1183.0 3647.0 131740.0 3189.0 8.14275 -0.121487 -0.0906389 53.0
100.0 2145.0 130900.0 3092.0 8.39103 0.19533 -0.0881997 53.0
2364.0 2554.0 130515.0 3782.0 7.03902 0.0672702 -0.00365777 49.0
1819.0 328.0 129768.0 3389.0 7.43926 0.0269922 -0.0179575 51.0
1526.0 329.0 129323.0 3451.0 7.32913 0.0690397 -0.018712 50.0
504.0 1612.0 128709.0 3301.0 7.71088 0.209061 -0.0335827 51.0
2435.0 279.0 128488.0 3460.0 7.21037 0.0604294 -0.0482151 49.0
3708.0 3269.0 128030.0 3020.0 8.08989 0.00634611 0.102657 52.0
1843.0 3374.0 126165.0 3467.0 7.1863 -0.0504457 -0.0177311 49.0
2575.0 3626.0 125305.0 3085.0 7.75396 -0.0901213 0.0599302 51.0
1350.0 2504.0 124381.0 3434.0 7.19107 0.0259813 -0.0177732 49.0
3176.0 3444.0 123834.0 3154.0 7.73504 0.0145803 0.121983 50.0
2298.0 2919.0 123789.0 3362.0 7.19163 0.0663758 -0.00128394 49.0
2565.0 147.0 123759.0 3264.0 7.23207 -0.0213234 -0.0457403 49.0
2742.0 1632.0 123106.0 3665.0 6.92198 0.0717025 -0.0336519 47.0
2794.0 2447.0 122167.0 3625.0 6.89056 0.0763391 -0.02128 47.0
1791.0 2933.0 122144.0 3525.0 6.86839 0.0975132 -0.0616278 47.0
2808.0 1656.0 122035.0 3628.0 6.91977 0.0384299 -0.014354 47.0
610.0 82.0 121823.0 2930.0 7.58788 0.0462326 0.0520396 50.0
1619.0 3819.0 121461.0 2963.0 7.88922 -0.231644 -0.0470488 50.0
3238.0 2974.0 119556.0 3349.0 7.09837 0.0833849 0.0830656 47.0
1547.0 3118.0 119104.0 3309.0 6.97703 -0.0449767 -0.0568943 47.0
3546.0 3538.0 118097.0 2888.0 8.15368 0.0355176 0.182615 49.0
2748.0 3680.0 116936.0 3011.0 7.4496 -0.042022 0.0925383 48.0
1210.0 1448.0 116739.0 3267.0 6.85087 0.116872 -0.0380897 46.0
1311.0 3229.0 116447.0 3254.0 6.91867 -0.0838444 -0.0802719 46.0
2578.0 1135.0 115337.0 3299.0 6.66131 0.0387788 -0.0667774 45.0
824.0 3684.0 115166.0 2806.0 8.08709 -0.14218 -0.187851 48.0
968.0 2709.0 114543.0 3425.0 9.66874 -0.284232 0.138429 49.0
3575.0 1471.0 114408.0 3201.0 6.99727 0.190284 -0.0628852 46.0
3346.0 2562.0 112937.0 3221.0 6.77977 0.115935 0.013334 45.0
1338.0 3556.0 112764.0 2922.0 7.24476 -0.148323 -0.0952952 47.0
384.0 2712.0 111885.0 2958.0 7.23008 -0.0150325 -0.134238 46.0
2091.0 4033.0 111569.0 2792.0 7.39463 -0.318687 0.0163299 46.0
3547.0 3570.0 110379.0 2722.0 7.68841 0.0232861 0.166312 47.0
3637.0 3650.0 110113.0 2743.0 7.49817 0.0394949 0.160303 46.0
2102.0 2147.0 109155.0 3310.0 6.42247 0.0939363 -0.0293739 43.0
993.0 998.0 108942.0 3078.0 6.67825 0.102562 -0.0518364 44.0
2545.0 475.0 108636.0 3154.0 6.46337 0.0210613 -0.0537691 43.0
1869.0 857.0 108259.0 3231.0 6.45994 0.0310969 -0.0418502 43.0
3400.0 519.0 107664.0 3005.0 6.84067 0.154795 -0.0921683 44.0
3325.0 2056.0 107204.0 3180.0 6.60653 0.134264 0.0207778 43.0
968.0 3705.0 106990.0 3145.0 6.4647 0.125688 -0.0285307 42.0
3285.0 3586.0 105424.0 2777.0 7.09696 0.0688898 0.15445 44.0
2928.0 174.0 105051.0 3111.0 6.55011 -0.0132969 -0.0917305 43.0
2242.0 4059.0 104222.0 2713.0 7.02017 -0.226503 0.0374858 44.0
3325.0 3641.0 103832.0 2822.0 6.81763 -0.0593338 0.128337 43.0
3012.0 734.0 103701.0 3074.0 6.42028 0.0401755 -0.0628134 42.0
166.0 1918.0 102758.0 2819.0 7.03577 0.269305 -0.110227 43.0
2776.0 1573.0 102699.0 3159.0 6.10219 -0.0552799 -0.0357851 41.0
122.0 4030.0 102523.0 2547.0 7.42972 -0.147413 -0.186654 44.0
1917.0 2040.0 101989.0 3163.0 6.12916 0.0684056 -0.0217383 41.0
2748.0 1678.0 101907.0 3175.0 6.16714 0.029446 -0.0294305 41.0
584.0 1046.0 101579.0 2871.0 6.40182 0.125331 -0.0129976 42.0
3615.0 2381.0 101142.0 3066.0 6.33324 0.242744 0.0218155 41.0
1321.0 1854.0 101113.0 3195.0 6.08657 0.0712594 -0.0825285 40.0
3578.0 340.0 101056.0 2838.0 6.68326 0.126685 -0.13506 42.0
2610.0 1473.0 100858.0 3155.0 5.96397 0.0568595 -0.045504 40.0
3522.0 635.0 100599.0 2801.0 6.7928 0.112355 -0.146074 42.0
3110.0 2671.0 100299.0 3204.0 6.04327 0.158261 0.00561006 40.0
1385.0 1488.0 100202.0 2996.0 6.25662 0.100772 -0.0593762 41.0
1002.0 2718.0 99600.0 2772.0 6.477 0.0820921 -0.06003 42.0
735.0 2813.0 98940.0 2878.0 6.33611 0.0218327 -0.100867 41.0
2465.0 3142.0 97918.0 2898.0 6.61506 -0.0320507 -0.13517 41.0
2610.0 2498.0 97814.0 3207.0 5.79493 0.0926721 0.00810045 39.0
4048.0 3258.0 96780.0 5897.0 6.41855 0.386567 0.0243091 38.0
345.0 528.0 96717.0 2687.0 6.42857 0.178337 0.0395409 41.0
216.0 2495.0 96325.0 2727.0 6.79528 0.0927086 -0.179362 41.0
3344.0 1222.0 96244.0 2916.0 6.08825 0.0983599 -0.0378487 40.0
1745.0 1557.0 95860.0 3035.0 5.90508 0.111905 0.0125139 39.0
3996.0 3991.0 95693.0 2488.0 7.51205 0.108535 0.230037 42.0
1646.0 2369.0 94908.0 3099.0 5.64397 -0.0185345 -0.0301278 38.0
3856.0 861.0 94739.0 2777.0 6.45794 0.303098 -0.0833616 40.0
3453.0 568.0 94714.0 2926.0 6.14671 0.19271 -0.10843 39.0
634.0 2811.0 94338.0 2742.0 6.18688 -0.0291851 -0.107254 40.0
784.0 2487.0 94172.0 2944.0 5.96608 0.0342015 -0.065457 39.0
2117.0 1867.0 94071.0 3059.0 5.67177 0.0370349 -0.0363663 38.0
1225.0 528.0 94055.0 2817.0 5.87786 0.00220003 -0.0491068 39.0
1845.0 3549.0 93693.0 2835.0 5.91548 -0.0076914 -0.0501454 39.0
236.0 199.0 93656.0 2633.0 6.41031 0.15709 0.0201062 40.0
1863.0 1635.0 92884.0 2983.0 5.70482 -0.0348586 -0.0367788 38.0
3807.0 3805.0 92238.0 2505.0 7.00848 0.0381314 0.182103 40.0
3563.0 2708.0 91412.0 2852.0 5.95051 0.225878 0.035633 38.0
2649.0 177.0 90008.0 2507.0 8.16205 -0.151402 -0.229718 40.0
148.0 2887.0 89821.0 7318.0 5.07502 -0.101351 0.0949684 30.0
2192.0 1606.0 89651.0 2924.0 5.59764 -0.0549814 -0.0443444 37.0
3176.0 3783.0 89082.0 2589.0 6.26809 -0.0824863 0.16931 38.0
298.0 1120.0 88909.0 2683.0 5.94324 0.119495 -0.0154842 38.0
1187.0 1599.0 88778.0 2834.0 5.95648 0.0752834 0.0240488 37.0
4011.0 1048.0 88475.0 2630.0 6.20436 0.269709 -0.0933771 38.0
3267.0 2233.0 88382.0 2965.0 5.4434 0.0667038 -0.027764 36.0
487.0 1394.0 88305.0 2820.0 5.74066 0.19365 -0.0400242 37.0
2839.0 1540.0 87862.0 2946.0 5.50433 0.0624548 -0.00588703 36.0
674.0 650.0 87112.0 2677.0 5.74217 0.107527 -0.00277786 37.0
3706.0 2968.0 86625.0 2684.0 6.07001 0.158215 0.130778 37.0
2931.0 1223.0 86613.0 2834.0 5.49 0.0297814 -0.0589121 36.0
2554.0 3936.0 86192.0 2613.0 6.146 -0.278854 0.110727 37.0
1618.0 3676.0 85760.0 2646.0 5.85042 -0.204147 -0.0607459 37.0
994.0 3642.0 85540.0 2597.0 6.41385 -0.16121 -0.192226 37.0
1037.0 3736.0 84256.0 2551.0 6.42996 -0.271872 -0.184298 37.0
2931.0 1418.0 84025.0 2806.0 5.7259 -0.0253841 -0.108548 35.0
378.0 258.0 83975.0 2608.0 5.58734 0.145628 0.000185106 36.0
939.0 2464.0 83610.0 2777.0 5.92289 -0.0318269 -0.156143 35.0
672.0 2057.0 83525.0 2736.0 5.98951 0.151748 -0.160674 35.0
1154.0 3269.0 83314.0 2710.0 5.50508 -0.14112 -0.0869783 35.0
105.0 1022.0 83149.0 2572.0 5.6378 0.182851 -0.00249531 36.0
3282.0 3976.0 83079.0 2438.0 6.69075 -0.228244 0.210759 37.0
1343.0 1750.0 82932.0 2947.0 5.26087 0.0229241 -0.0724532 34.0
1269.0 1657.0 82744.0 2903.0 5.26973 0.180195 -0.0437596 34.0
3586.0 2744.0 81998.0 2654.0 5.52759 0.199505 0.0200449 35.0
1247.0 2629.0 81598.0 6787.0 4.73725 -0.0224889 -0.047845 32.0
1196.0 1766.0 81574.0 2807.0 5.24091 0.0958262 -0.0448307 34.0
2142.0 477.0 81048.0 2749.0 5.24264 0.0317875 -0.0417469 34.0
3400.0 2266.0 80747.0 2739.0 5.26299 0.181316 -0.0511448 34.0
924.0 2925.0 80713.0 2711.0 5.29535 0.0703047 -0.0843649 34.0
2873.0 1635.0 80436.0 2860.0 4.9628 0.0053369 -0.0374973 33.0
3299.0 156.0 80264.0 2698.0 5.4949 0.171828 -0.14938 34.0
2899.0 3963.0 79385.0 2449.0 6.01675 -0.265311 0.151401 35.0
2796.0 2307.0 78884.0 2819.0 5.07182 0.148931 -0.0214682 33.0
1586.0 3280.0 77475.0 3172.0 4.86145 0.0161454 -0.0638879 32.0
449.0 2538.0 77401.0 2603.0 5.33495 0.0389378 -0.147381 33.0
868.0 2714.0 77236.0 2634.0 5.37733 0.0475238 -0.122879 33.0
308.0 2697.0 76296.0 2569.0 5.44328 0.130758 -0.165084 33.0
3078.0 3365.0 76203.0 2577.0 5.2534 -0.0361108 0.0527069 33.0
2573.0 1301.0 75903.0 2692.0 4.9963 0.0889862 -0.0612644 32.0
1024.0 2165.0 75853.0 2741.0 4.9114 -0.0633505 -0.00408766 32.0
3211.0 920.0 75716.0 2681.0 4.91839 0.0246157 -0.0626833 32.0
2961.0 2377.0 75660.0 2706.0 4.94045 0.0528594 -0.0952172 32.0
2202.0 3412.0 75324.0 2690.0 4.97858 -0.139658 -0.0196621 32.0
1787.0 177.0 75251.0 2640.0 4.93148 0.0259126 -0.0628185 32.0
1319.0 1872.0 75223.0 2703.0 4.97502 -0.0204824 -0.0440455 32.0
3552.0 2233.0 75222.0 2645.0 5.04927 0.247372 -0.0181263 32.0
1778.0 309.0 75167.0 2656.0 5.02654 0.0813601 -0.0856785 32.0
1690.0 1343.0 74107.0 2759.0 6.93118 0.350191 0.201338 33.0
414.0 1860.0 73769.0 2534.0 5.10532 0.0633742 0.033841 32.0
100.0 1319.0 73549.0 2504.0 5.1968 0.236425 -0.037358 32.0
1056.0 1989.0 73528.0 2715.0 4.84884 0.0603308 -0.0679443 31.0
2321.0 356.0 73513.0 2703.0 4.73904 0.00312973 0.00989519 31.0
2465.0 3136.0 73468.0 3162.0 6.95946 -0.128599 -0.263444 31.0
1392.0 3782.0 73405.0 2621.0 5.78202 0.358239 -0.145531 31.0
1159.0 2959.0 73105.0 2678.0 4.80152 -0.0197929 -0.0765182 31.0
647.0 2425.0 73075.0 2669.0 4.80519 -0.00511713 -0.0920227 31.0
2734.0 2301.0 73001.0 2692.0 4.75659 0.0877251 -0.0339671 31.0
3851.0 3695.0 72508.0 2395.0 5.50267 -0.0630586 0.182486 32.0
644.0 578.0 71763.0 2605.0 4.84411 0.0797627 -0.0202273 31.0
3582.0 316.0 71458.0 2528.0 4.97131 0.104892 -0.119059 31.0
1039.0 1915.0 71268.0 2781.0 4.6194 0.0405764 -0.0479146 30.0
2517.0 1769.0 71100.0 2745.0 4.99085 0.118953 -0.101661 30.0
1904.0 2107.0 71035.0 2752.0 4.6996 0.0548794 -0.0741305 30.0
3284.0 1141.0 70880.0 2664.0 4.55659 0.00410012 -0.0582364 30.0
283.0 1598.0 70393.0 2496.0 4.89099 0.169354 -0.0384843 31.0
2543.0 3024.0 70142.0 2650.0 4.58429 -0.00657033 -0.00118497 30.0
1669.0 2231.0 70024.0 2792.0 4.44344 0.0500473 -0.0742489 29.0
1145.0 2920.0 69925.0 2601.0 4.6182 -0.0032561 -0.055338 30.0
3488.0 2876.0 69505.0 2530.0 4.60271 0.00468607 0.0544343 30.0
289.0 2372.0 68729.0 2557.0 5.65189 0.111675 -0.20164 30.0
2843.0 1973.0 68512.0 2649.0 4.48143 0.0960509 -0.0115145 29.0
2953.0 3483.0 68434.0 2471.0 4.86707 -0.164293 0.0887164 30.0
3209.0 1174.0 68182.0 2626.0 4.47563 0.0525406 -0.074197 29.0
960.0 1305.0 68155.0 2623.0 4.65515 0.058641 -0.0300173 29.0
2829.0 917.0 67973.0 2587.0 4.5697 0.0388862 -0.0291821 29.0
2408.0 890.0 67964.0 2637.0 4.47769 0.0485699 -0.0740431 29.0
2520.0 987.0 67912.0 2615.0 4.49947 0.0245322 -0.0393466 29.0
751.0 834.0 67791.0 2581.0 4.57822 0.0395512 -0.0793732 29.0
1734.0 488.0 67087.0 2542.0 4.58606 -0.00974142 -0.0375125 29.0
1381.0 2213.0 66543.0 2697.0 4.41419 0.042274 -0.0867601 28.0
930.0 163.0 66012.0 2478.0 4.62285 -0.158669 -0.0180039 29.0
1424.0 2754.0 65907.0 2674.0 4.3312 -0.00327989 -0.0609835 28.0
1938.0 1356.0 65885.0 2662.0 4.33146 0.0306627 -0.0476038 28.0
3072.0 2293.0 65801.0 2626.0 4.32944 0.014369 -0.0503372 28.0
1494.0 2520.0 65665.0 2656.0 4.33125 0.0570887 -0.0606868 28.0
1610.0 1120.0 65434.0 2586.0 4.43035 0.00872803 -0.0575706 28.0
1074.0 363.0 65328.0 2549.0 4.44857 -0.0751105 -0.0803558 28.0
1770.0 1422.0 64866.0 2596.0 4.36385 0.0720205 -0.0483065 28.0
3027.0 368.0 64338.0 2537.0 4.36325 0.0671385 -0.0629288 28.0
3141.0 7.0 64288.0 2505.0 4.53287 0.0939511 -0.114577 28.0
3524.0 0.0 64099.0 3754.0 6.44505 0.814199 0.00109051 25.0
2950.0 3274.0 63927.0 2503.0 4.42509 -0.0419745 0.0677745 28.0
776.0 3142.0 63469.0 2485.0 4.60857 -0.0517106 -0.132854 28.0
3309.0 3591.0 63337.0 2429.0 4.70963 -0.147312 0.142498 28.0
3034.0 727.0 63250.0 2601.0 4.25606 0.0857116 -0.0691105 27.0
1733.0 2495.0 63129.0 2593.0 4.23311 0.0182203 -0.0660536 27.0
1700.0 738.0 62935.0 2571.0 4.19219 0.0291359 -0.0217076 27.0
3281.0 845.0 62288.0 2514.0 4.37881 0.180466 -0.110604 27.0
285.0 1586.0 61588.0 2496.0 4.3602 0.203436 -0.10924 27.0
1459.0 733.0 60920.0 2604.0 5.75469 -0.382842 0.137594 27.0
2771.0 2131.0 60846.0 2590.0 4.18171 0.281803 -0.0274241 26.0
1342.0 362.0 60775.0 2862.0 4.26004 0.106181 -0.0825455 26.0
2612.0 1753.0 60667.0 2559.0 4.14772 0.151234 -0.00792855 26.0
3321.0 3310.0 60624.0 2390.0 4.26929 0.0357141 0.0331786 27.0
4040.0 2154.0 60422.0 2402.0 4.47222 0.33593 0.00361871 27.0
2718.0 2539.0 60356.0 2596.0 4.03619 0.109951 0.0126663 26.0
1745.0 1933.0 60119.0 2532.0 3.98499 0.166692 -0.00471703 26.0
1830.0 9.0 60113.0 2927.0 4.20269 0.0769836 -0.0910139 26.0
3248.0 1270.0 60035.0 2553.0 4.07955 0.0760859 -0.0471069 26.0
1514.0 421.0 59901.0 2497.0 4.0976 0.0132876 -0.0725997 26.0
2282.0 2520.0 59896.0 2558.0 4.07252 0.073402 -0.047954 26.0
1805.0 3439.0 59762.0 2490.0 4.18993 0.0667515 -0.127457 26.0
1612.0 3491.0 59146.0 2480.0 4.64583 -0.109114 -0.0551757 26.0
3706.0 2526.0 58945.0 2434.0 4.22868 0.218192 0.0520453 26.0
3959.0 1073.0 58619.0 3182.0 6.54345 0.601262 0.00417658 26.0
2729.0 3835.0 58395.0 2371.0 4.3663 -0.298421 0.043733 26.0
1746.0 1770.0 57887.0 2543.0 3.95002 0.149012 -0.106634 25.0
2154.0 1839.0 57833.0 2549.0 4.01197 0.0414309 -0.0871473 25.0
2068.0 3216.0 57720.0 2485.0 3.94332 -0.101868 -0.0457844 25.0
884.0 1838.0 57587.0 2508.0 3.95844 0.148312 -0.106259 25.0
2868.0 2954.0 57376.0 2490.0 3.91707 0.158683 -0.0191872 25.0
2297.0 1107.0 56786.0 2600.0 3.73896 -0.0867793 0.0180286 24.0
427.0 484.0 56676.0 2395.0 4.1884 0.24137 0.0109122 25.0
2098.0 89.0 55938.0 2528.0 3.8606 -0.00902908 -0.111095 24.0
2736.0 2079.0 55497.0 2489.0 3.7384 0.155273 -0.0677307 24.0
2474.0 1222.0 55110.0 2468.0 3.7803 -0.0298053 -0.0254125 24.0
2840.0 1768.0 55110.0 2480.0 3.80418 0.0644158 -0.0461916 24.0
2015.0 3328.0 55055.0 2514.0 3.79899 -0.100651 -0.0556152 24.0
2155.0 1574.0 54977.0 2464.0 3.79836 0.0106006 -0.0514401 24.0
3434.0 2742.0 54910.0 2447.0 3.81866 0.223843 0.000153555 24.0
1596.0 1258.0 54811.0 2489.0 3.77963 0.155362 -0.0606094 24.0
921.0 2115.0 54665.0 2461.0 3.74327 0.155215 -0.0665356 24.0
2957.0 3718.0 54145.0 2385.0 3.8734 -0.176758 0.0714935 24.0
3970.0 1911.0 54140.0 2391.0 3.76904 0.163414 -0.0638959 24.0
287.0 432.0 53791.0 2392.0 3.85531 0.178104 -0.0174723 24.0
2073.0 2280.0 53519.0 2533.0 3.57599 -0.0812704 -0.0746304 23.0
1369.0 2735.0 53406.0 3906.0 3.87429 0.144587 0.0166228 22.0
2836.0 854.0 53275.0 2483.0 3.62747 -0.103224 -0.0959677 23.0
1241.0 633.0 52758.0 2438.0 3.78719 -0.0548168 -0.113179 23.0
2691.0 3194.0 52586.0 2483.0 3.61503 -0.119707 -0.0399501 23.0
1080.0 142.0 52486.0 2423.0 3.60731 -0.07869 -0.0760686 23.0
2076.0 818.0 52450.0 2463.0 3.7246 -0.0466568 -0.0812445 23.0
3343.0 2055.0 52410.0 2439.0 3.60536 0.103335 -0.0479584 23.0
205.0 1404.0 52000.0 2399.0 3.77665 0.214192 -0.0751064 23.0
1186.0 1446.0 51988.0 2447.0 3.60414 -0.0835784 -0.0760313 23.0
3841.0 109.0 51857.0 2375.0 4.10325 0.207772 -0.173329 23.0
3817.0 818.0 51638.0 2390.0 3.80661 0.292915 -0.0974462 23.0
30.0 2065.0 51196.0 2658.0 6.24709 -0.470373 0.155765 23.0
1853.0 1846.0 51005.0 2528.0 3.45713 -0.0568959 -0.0700804 22.0
2709.0 2665.0 50659.0 2507.0 3.43916 -0.0927105 0.0320632 22.0
1813.0 363.0 50507.0 2488.0 3.55283 0.00208348 -0.116519 22.0
1826.0 739.0 50208.0 2458.0 3.47251 -0.0570362 -0.071731 22.0
1233.0 410.0 50178.0 2408.0 3.46626 0.0266428 -0.0348839 22.0
2147.0 1337.0 50034.0 2453.0 3.41038 0.108004 -0.00411546 22.0
806.0 2492.0 49817.0 2409.0 3.54803 -0.140283 -0.136988 22.0
1718.0 3402.0 49425.0 2720.0 3.63121 0.0856725 -0.0309031 21.0
4071.0 1329.0 49422.0 2371.0 3.83917 0.369104 -0.016397 22.0
2021.0 3384.0 48924.0 2719.0 3.39585 -0.0552075 -0.0649614 21.0
1893.0 3297.0 48416.0 2479.0 3.37822 -0.107739 -0.0730138 21.0
2045.0 1968.0 48399.0 2525.0 3.29071 0.0360559 -0.0855142 21.0
1226.0 1380.0 48362.0 2464.0 3.27703 0.0499006 -0.0831242 21.0
2301.0 330.0 48058.0 2451.0 3.43919 0.131942 -0.104072 21.0
2537.0 2746.0 48046.0 2472.0 3.29632 -0.0969537 -0.0283274 21.0
3246.0 2452.0 48043.0 2463.0 3.17946 0.00210758 -0.00172173 21.0
2167.0 1973.0 47904.0 2444.0 3.32651 0.027098 -0.0718724 21.0
3041.0 707.0 47712.0 2438.0 3.40764 0.0667728 -0.150672 21.0
732.0 2353.0 47700.0 2441.0 3.43627 -0.0249764 -0.0797315 21.0
2976.0 61.0 47442.0 2386.0 3.31449 0.0340511 -0.0883434 21.0
1607.0 387.0 47367.0 2408.0 3.34086 -0.0253904 -0.0723601 21.0
1433.0 3316.0 47317.0 2386.0 4.20959 -0.352919 0.0552283 21.0
1685.0 1314.0 47168.0 2730.0 7.84931 0.64612 0.0645579 21.0
2371.0 1307.0 45861.0 2440.0 3.08687 0.0476621 -0.0368128 20.0
1152.0 1639.0 45602.0 2385.0 3.17933 -0.0186697 -0.127659 20.0
3143.0 3031.0 45521.0 2425.0 3.22281 0.000246613 0.0333358 20.0
2702.0 2674.0 45437.0 2412.0 3.70812 -0.12613 -0.163772 20.0
2020.0 2425.0 45304.0 2396.0 3.17688 0.0191401 -0.125506 20.0
664.0 2397.0 45182.0 2382.0 3.37055 0.128689 -0.171122 20.0
1864.0 2071.0 45141.0 2371.0 3.08961 0.0468513 -0.0363635 20.0
2936.0 3029.0 45130.0 2383.0 3.19414 0.178429 0.00513466 20.0
1923.0 2185.0 43302.0 2413.0 3.37786 0.113874 0.00721563 19.0
2828.0 1981.0 43218.0 2386.0 2.95843 0.00223914 -0.0803655 19.0
2170.0 1152.0 43102.0 2406.0 3.01038 0.0881977 -0.0355486 19.0
1496.0 2473.0 43088.0 2383.0 2.99978 -0.00217015 -0.0705506 19.0
2652.0 1335.0 43015.0 2401.0 3.16234 0.0667253 -0.0553787 19.0
1536.0 1029.0 42783.0 2379.0 3.08222 0.108256 -0.140817 19.0
468.0 3924.0 42781.0 2508.0 16.7981 0.305003 0.373971 19.0
1789.0 2750.0 42549.0 2375.0 3.13865 -0.0564108 -0.165576 19.0
1357.0 289.0 40773.0 2573.0 3.10449 0.107243 0.0420182 18.0
2828.0 1959.0 40706.0 2392.0 2.85367 0.0950043 -0.0941069 18.0
1576.0 1743.0 40219.0 2377.0 2.96242 0.0936429 -0.131939 18.0
1324.0 2998.0 39703.0 3345.0 4.09439 -0.252804 0.0490024 17.0
933.0 158.0 39426.0 3083.0 3.61331 0.0885218 0.0385277 17.0
2321.0 2624.0 38822.0 2404.0 2.76926 -0.0204206 -0.0229656 17.0
1626.0 561.0 38814.0 2826.0 2.75739 0.0260862 -0.0572618 17.0
2587.0 109.0 35990.0 2374.0 2.58618 -0.148857 -0.0838572 16.0
2888.0 3087.0 34767.0 3691.0 2.33925 0.0437281 -0.0770116 15.0
4029.0 1143.0 32362.0 2841.0 3.30763 0.424455 0.0758412 14.0
1911.0 1722.0 31748.0 2465.0 4.03818 -0.159894 -0.112882 14.0
2213.0 1214.0 31434.0 2566.0 2.53809 -0.198538 -0.184061 14.0
3256.0 2102.0 31311.0 2454.0 3.07936 0.0445162 0.0105805 14.0
1672.0 1343.0 31060.0 2531.0 3.15837 -0.124262 -0.236904 14.0
65.0 1491.0 30964.0 2467.0 2.35298 0.140211 -0.126985 14.0
2875.0 3933.0 30878.0 2393.0 2.46142 -0.227841 0.196001 14.0
1588.0 1323.0 30423.0 2536.0 2.21917 -0.00276381 -0.187778 13.0
2828.0 911.0 28477.0 2736.0 3.67583 0.100758 -0.00501272 12.0
2739.0 391.0 27651.0 4263.0 3.73525 -0.170955 -0.0765105 11.0
1430.0 1826.0 27326.0 4470.0 4.04495 0.153597 0.0392098 11.0
2573.0 2659.0 27032.0 2871.0 2.7641 0.108029 -0.222492 12.0
1514.0 2272.0 26753.0 2553.0 4.72363 0.344568 -0.0244985 12.0
1349.0 1752.0 26036.0 4743.0 4.24337 0.125796 0.133697 10.0
3493.0 2874.0 25666.0 2696.0 3.27288 0.0209794 -0.0434067 11.0
1074.0 143.0 23274.0 2725.0 2.97452 0.236187 0.000776371 10.0
3685.0 25.0 22830.0 2523.0 1.61202 -0.265307 -0.182941 10.0
3908.0 1131.0 22679.0 2770.0 3.0483 0.289146 -0.156834 10.0
421.0 1256.0 22211.0 2603.0 1.68224 0.0185202 -0.086588 10.0
853.0 780.0 22051.0 2405.0 1.91025 -0.0735924 -0.228622 10.0
3173.0 3450.0 21883.0 3495.0 4.46498 -0.0117329 -0.084601 9.0
2049.0 2207.0 21051.0 2606.0 1.30165 0.000592512 -0.000858146 9.0
2086.0 2705.0 20374.0 2627.0 5.01428 0.193747 -0.000928478 9.0
278.0 1594.0 20368.0 2526.0 3.23378 -0.0125444 0.167797 9.0
1578.0 1738.0 20242.0 2500.0 3.0075 -0.269038 -0.1243 9.0
458.0 191.0 19481.0 3729.0 1.11809 -0.000550427 0.111038 8.0
3477.0 3497.0 18168.0 2448.0 2.68965 -0.637226 -0.1559 8.0
1267.0 1070.0 17797.0 2389.0 2.94817 0.149177 0.205672 8.0
2418.0 3899.0 17787.0 2594.0 4.20317 0.0471283 0.0726273 8.0
1310.0 2369.0 16189.0 2531.0 1.03473 -0.0786041 0.000621185 7.0
1735.0 1173.0 15829.0 2483.0 1.1194 -0.000625259 0.246839 7.0
1041.0 677.0 15638.0 2599.0 1.81787 0.217924 -0.280399 7.0
2901.0 982.0 15471.0 2405.0 2.90611 0.00135695 -0.403149 7.0
29.0 2239.0 14278.0 2809.0 4.26431 -0.380393 0.13834 6.0
1573.0 1036.0 14196.0 2635.0 2.45882 -0.812474 0.142481 6.0
1360.0 0.0 14022.0 2541.0 1.76004 0.851415 -0.0010906 6.0
1346.0 1595.0 13970.0 2557.0 0.922299 0.0152788 0.143437 6.0
1392.0 1484.0 13765.0 2659.0 4.0976 0.0860337 -0.288033 6.0
1031.0 2304.0 13678.0 2457.0 3.54551 0.859077 -0.0403008 6.0
3121.0 953.0 13417.0 2465.0 5.81945 0.670346 0.0682765 6.0
1659.0 3274.0 13384.0 2498.0 3.40552 0.272585 -0.315573 6.0
