4085.34 458.74 159268 3463 9.41108 0.156208 -0.0805277 62 
4027.98 467.577 133089 3428 7.6702 0.101991 -0.0571494 51 
4074.36 297.076 382045 10671 9.86813 0.0711807 -0.0339176 81 
3523.71 0.754739 64099 3754 6.44505 0.814199 0.00109051 25 
3685.99 24.5212 22830 2523 1.61202 -0.265307 -0.182941 10 
3841.48 109.474 51857 2375 4.10325 0.207772 -0.173329 23 
3865.15 381.904 201530 4578 10.096 0.106561 -0.0576987 71 
3792.13 86.8452 11980 3084 4.96281 -0.44641 -0.191593 5 
3794.84 82.8193 139523 3235 8.34375 0.073775 -0.0867905 55 
3774.17 389.655 395224 11582 9.58812 0.0491956 -0.0363805 81 
3454.07 39.7132 240357 5633 10.2363 0.0424074 -0.0235736 76 
3358.13 55.789 325339 9079 10.0282 0.0204171 -0.0308486 81 
3581.6 316.365 71458 2528 4.97131 0.104892 -0.119059 31 
3578.31 339.86 101056 2838 6.68326 0.126685 -0.13506 42 
3771.28 281.056 450183 13790 9.34514 0.0571923 -0.0382592 81 
3453.2 568.597 94714 2926 6.14671 0.19271 -0.10843 39 
3832.3 595.918 280962 7013 10.378 0.0655474 -0.0187355 80 
3400.62 518.496 107664 3005 6.84067 0.154795 -0.0921683 44 
3816.47 817.609 51638 2390 3.80661 0.292915 -0.0974462 23 
3856.6 860.61 94739 2777 6.45794 0.303098 -0.0833616 40 
3522.97 634.868 100599 2801 6.7928 0.112355 -0.146074 42 
3575.91 701.938 270860 6785 10.3913 0.0384603 -0.0259446 80 
3342.16 403.026 559246 18980 8.60846 0.0407762 -0.0374961 81 
3943.21 549.67 607874 20064 8.78989 0.0886611 -0.0439262 81 
4011.77 1047.4 88475 2630 6.20436 0.269709 -0.0933771 38 
3982 936.351 1.70066e+06 62923 7.86935 0.141419 -0.0498871 81 
3299.91 155.669 80264 2698 5.4949 0.171828 -0.14938 34 
3140.73 7.46931 64288 2505 4.53287 0.0939511 -0.114577 28 
3281.32 844.718 62288 2514 4.37881 0.180466 -0.110604 27 
3285.24 793.631 239418 6270 9.90803 0.0500592 0.015205 75 
3211.6 919.5 75716 2681 4.91839 0.0246157 -0.0626833 32 
3122.75 951.519 13417 2465 5.81945 0.670346 0.0682765 6 
3216.6 1032.75 164208 4319 8.36451 0.0309198 -0.0454514 59 
3223.69 461.165 402354 10825 10.1779 0.069018 -0.0687139 81 
3305.19 256.08 1.94923e+06 65535 7.48082 0.0549495 -0.0552857 81 
3996.72 3991.32 95693 2488 7.51205 0.108535 0.230037 42 
3990.3 3395.82 165844 3341 9.94672 0.0677649 0.135727 64 
3852.62 3695.38 72508 2395 5.50267 -0.0630586 0.182486 32 
3807.93 3805.49 92238 2505 7.00848 0.0381314 0.182103 40 
3838.16 3363.19 338335 8298 10.3712 0.0376179 0.0477289 81 
3637.68 3650.52 110113 2743 7.49817 0.0394949 0.160303 46 
3708.68 3269.29 128030 3020 8.08989 0.00634611 0.102657 52 
4048.43 3260.01 96780 5897 6.41855 0.386567 0.0243091 38 
3915.13 3037.93 133620 3095 8.6927 0.270529 0.112502 54 
3742.8 2871.28 153954 3759 8.36922 0.0706712 0.0591825 57 
3706.07 2968.04 86625 2684 6.07001 0.158215 0.130778 37 
3586.5 2743.67 81998 2654 5.52759 0.199505 0.0200449 35 
3576.44 3254.66 206675 4496 10.2745 0.0130629 0.0847148 72 
3563.27 2707.59 91412 2852 5.95051 0.225878 0.035633 38 
3706.54 2526.07 58945 2434 4.22868 0.218192 0.0520453 26 
3615.43 2380.63 101142 3066 6.33324 0.242744 0.0218155 41 
3634.97 2197.95 263916 6748 10.3586 0.0496438 -0.00113232 80 
3640.2 2625.72 903190 35320 7.91795 0.0836998 0.0187053 81 
3552.03 2232.91 75222 2645 5.04927 0.247372 -0.0181263 32 
3557.41 2275.94 423287 40062 10.7718 0.225669 -0.00371617 81 
3904.87 1131.88 22679 2770 3.0483 0.289146 -0.156834 10 
4031.24 1141.66 32362 2841 3.30763 0.424455 0.0758412 14 
3959.1 1070.14 58619 3182 6.54345 0.601262 0.00417658 26 
3910.08 1183.81 437486 13792 9.21533 0.0783498 -0.0214232 81 
4071.04 1328.37 49422 2371 3.83917 0.369104 -0.016397 22 
4066.08 1492.16 188099 4294 9.66329 0.148354 -0.0311284 67 
4041.17 2154.11 60422 2402 4.47222 0.33593 0.00361871 27 
3970.66 1910.13 54140 2391 3.76904 0.163414 -0.0638959 24 
4052.38 2126.09 245688 5840 10.1967 0.0731154 0.000722507 76 
4081.21 1523.67 359017 10316 9.83224 0.0674911 -0.0135734 81 
3852.05 1541.67 194566 4547 9.80799 0.157856 -0.034025 69 
3813.2 1379.1 201745 4766 9.9501 0.108769 -0.0265127 71 
3748.86 1374.69 165750 4022 9.08965 0.193551 -0.0515071 62 
3771.32 1993.49 179804 4325 9.2356 0.146572 0.00155267 65 
3790.27 1760.95 141718 3536 8.31682 0.269292 -0.0176857 55 
3787.69 1764.11 20927 4648 4.74745 -0.160898 -0.190397 8 
3720.24 1966.08 357528 10560 9.55199 0.0526759 -0.00300765 81 
3575.3 1470.22 114408 3201 6.99727 0.190284 -0.0628852 46 
3547.72 3570.38 110379 2722 7.68841 0.0232861 0.166312 47 
3546.38 3538.26 118097 2888 8.15368 0.0355176 0.182615 49 
3484.85 3494.39 11380 2412 3.15096 0.848376 -0.0429047 5 
3477.48 3496.62 18168 2448 2.68965 -0.637226 -0.1559 8 
3282.74 3976.42 83079 2438 6.69075 -0.228244 0.210759 37 
3180.7 3765.44 144106 3404 8.28164 0.0274288 0.09604 55 
3177.02 3783.75 89082 2589 6.26809 -0.0824863 0.16931 38 
3326.14 3641.48 103832 2822 6.81763 -0.0593338 0.128337 43 
3309.53 3590.85 63337 2429 4.70963 -0.147312 0.142498 28 
3285.58 3586.72 105424 2777 7.09696 0.0688898 0.15445 44 
3321.56 3310.4 60624 2390 4.26929 0.0357141 0.0331786 27 
3293.37 3437.84 218772 5112 10.2908 0.0687112 0.0767848 73 
3176.62 3444.34 123834 3154 7.73504 0.0145803 0.121983 50 
3175.02 3447.05 21883 3495 4.46498 -0.0117329 -0.084601 9 
3165.15 3525.2 261891 6033 10.8412 -0.00300253 0.022015 81 
3223.17 3265.86 380943 11429 9.50082 0.0126857 0.0251869 81 
3487.63 2875.37 69505 2530 4.60271 0.00468607 0.0544343 30 
3489.67 2874.98 25666 2696 3.27288 0.0209794 -0.0434067 11 
3420.33 2749.56 182869 4479 9.37786 0.132115 0.02193 66 
3434.63 2742 54910 2447 3.81866 0.223843 0.000153555 24 
3346.12 2561.26 112937 3221 6.77977 0.115935 0.013334 45 
3238.6 2974.07 119556 3349 7.09837 0.0833849 0.0830656 47 
3143.4 3030.95 45521 2425 3.22281 0.000246613 0.0333358 20 
3399.97 2266.39 80747 2739 5.26299 0.181316 -0.0511448 34 
3342.95 2054.92 52410 2439 3.60536 0.103335 -0.0479584 23 
3325.42 2055.3 107204 3180 6.60653 0.134264 0.0207778 43 
3256.92 2105.12 31311 2454 3.07936 0.0445162 0.0105805 14 
3267.03 2232.75 88382 2965 5.4434 0.0667038 -0.027764 36 
3493.48 1976.57 206130 5297 9.41647 0.0610058 0.0250893 69 
3427.04 1061.69 393819 12788 9.20434 0.0279324 -0.020288 81 
3284.63 1140.63 70880 2664 4.55659 0.00410012 -0.0582364 30 
3344.32 1222 96244 2916 6.08825 0.0983599 -0.0378487 40 
3328.22 1650.67 258136 7263 9.8655 0.0521414 0.000721203 77 
3291.52 1417 29691 12099 2.24863 0.736955 0.000298298 9 
3413.27 1576.67 408379 13748 9.07434 0.0317461 -0.0204416 81 
3334.9 2310.53 690737 26913 7.88241 0.0345096 -0.00356107 81 
3246.99 2451.99 48043 2463 3.17946 0.00210758 -0.00172173 21 
3247.77 1269.5 60035 2553 4.07955 0.0760859 -0.0471069 26 
3208.65 1173.74 68182 2626 4.47563 0.0525406 -0.074197 29 
3143.68 2551.65 1.58346e+06 65535 7.00406 0.0542849 -0.0110964 81 
3551.78 2275.65 1.81677e+06 65535 7.27821 0.0758023 -0.00917119 81 
3960.37 1059.81 2.09167e+06 65535 7.61078 0.137748 -0.0360944 81 
3027.86 4030.32 17996 5641 1.18939 0.221456 -0.328505 6 
2899.73 3963.6 79385 2449 6.01675 -0.265311 0.151401 35 
2874.43 3930.72 30878 2393 2.46142 -0.227841 0.196001 14 
2729.57 3835.26 58395 2371 4.3663 -0.298421 0.043733 26 
2553.78 3936.64 86192 2613 6.146 -0.278854 0.110727 37 
2957.12 3718.08 54145 2385 3.8734 -0.176758 0.0714935 24 
2414.71 3897.53 17787 2594 4.20317 0.0471283 0.0726273 8 
2748.65 3680.59 116936 3011 7.4496 -0.042022 0.0925383 48 
2575.46 3625.91 125305 3085 7.75396 -0.0901213 0.0599302 51 
2242.44 4059.69 104222 2713 7.02017 -0.226503 0.0374858 44 
1880.29 4052.53 18628 4348 2.28491 0.286644 0.409774 7 
2091.53 4033.68 111569 2792 7.39463 -0.318687 0.0163299 46 
1631.86 4041.02 239186 5018 11.0235 -0.0778615 -0.0194566 79 
1580.16 4040.31 227163 4683 10.8731 -0.046044 -0.0329964 77 
2349.99 3930.23 297766 7301 10.3175 -0.0255262 0.00950616 80 
1618.52 3819.19 121461 2963 7.88922 -0.231644 -0.0470488 50 
1814.87 3752.97 182551 4003 9.6563 -0.147049 0.000708036 67 
1391.04 3779.57 73405 2621 5.78202 0.358239 -0.145531 31 
1617.45 3676.39 85760 2646 5.85042 -0.204147 -0.0607459 37 
1979.85 4008.39 439761 12261 9.62035 -0.0895582 -0.00478405 81 
1182.48 3647.14 131740 3189 8.14275 -0.121487 -0.0906389 53 
1036.63 3736.56 84256 2551 6.42996 -0.271872 -0.184298 37 
994.027 3642.2 85540 2597 6.41385 -0.16121 -0.192226 37 
1116.86 3637.19 296569 7611 10.501 -0.0379373 -0.0295829 81 
2397.25 3895.36 1.66968e+06 57752 7.95938 -0.0959722 0.0320188 81 
3078.42 3364.82 76203 2577 5.2534 -0.0361108 0.0527069 33 
3072.9 3308.25 188491 4493 9.5174 0.0704047 0.0838428 67 
2953.83 3483.86 68434 2471 4.86707 -0.164293 0.0887164 30 
2950.78 3273.65 63927 2503 4.42509 -0.0419745 0.0677745 28 
2935.65 3029.35 45130 2383 3.19414 0.178429 0.00513466 20 
2889.54 3086.62 34767 3691 2.33925 0.0437281 -0.0770116 15 
3072.76 2292.68 65801 2626 4.32944 0.014369 -0.0503372 28 
3110.24 2670.7 100299 3204 6.04327 0.158261 0.00561006 40 
2961.81 2376.53 75660 2706 4.94045 0.0528594 -0.0952172 32 
2910.34 2799.02 181928 4626 9.01126 -0.00945334 0.0252472 65 
2913.19 2393.42 210479 5723 9.21414 0.0810725 0.0215598 69 
2954.32 2407.56 222766 6428 9.1713 0.0270044 0.00704382 70 
2868.76 2954.2 57376 2490 3.91707 0.158683 -0.0191872 25 
2743.88 3342.49 181217 4421 9.15245 0.0343724 0.0543727 65 
2772.22 3218.49 221801 5785 9.45654 0.0287364 0.0401004 71 
2796.32 2306.58 78884 2819 5.07182 0.148931 -0.0214682 33 
2794.75 2446.82 122167 3625 6.89056 0.0763391 -0.02128 47 
2735.07 2300.42 73001 2692 4.75659 0.0877251 -0.0339671 31 
2718.58 2538.81 60356 2596 4.03619 0.109951 0.0126663 26 
2723.9 2648.45 156419 4315 7.99328 0.0746716 0.00743194 57 
2872.24 2403.36 185518 5044 8.74597 0.0843364 -0.0168656 64 
2708.95 2664.86 50659 2507 3.43916 -0.0927105 0.0320632 22 
2689.87 3523.88 159562 3805 8.7356 -0.0500224 0.0601915 60 
2495 3521.53 14248 3052 2.71263 -1 0 6 
2436.94 3502.07 289222 7632 10.1655 -0.0138376 0.00287081 81 
2691.18 3193.55 52586 2483 3.61503 -0.119707 -0.0399501 23 
2465.51 3141.3 97918 2898 6.61506 -0.0320507 -0.13517 41 
2467 3137.63 73468 3162 6.95946 -0.128599 -0.263444 31 
2543.63 3023.49 70142 2650 4.58429 -0.00657033 -0.00118497 30 
2446.08 3025.2 139064 3839 7.50293 0.0693089 0.0381206 52 
2298.74 2919.1 123789 3362 7.19163 0.0663758 -0.00128394 49 
2251.28 2973.97 388831 13208 8.98861 -0.00401341 -0.00459004 80 
2254.56 2871.55 568458 21972 8.16224 0.0171422 -0.0222338 81 
2537.24 2745.39 48046 2472 3.29632 -0.0969537 -0.0283274 21 
2702.05 2673.34 45437 2412 3.70812 -0.12613 -0.163772 20 
2575.52 2657.05 27032 2871 2.7641 0.108029 -0.222492 12 
2610.03 2497.58 97814 3207 5.79493 0.0926721 0.00810045 39 
2363.78 2554.1 130515 3782 7.03902 0.0672702 -0.00365777 49 
2321.7 2623.82 38822 2404 2.76926 -0.0204206 -0.0229656 17 
2282.77 2519.5 59896 2558 4.07252 0.073402 -0.047954 26 
2287.29 2625.59 510771 19854 8.27082 0.00862219 -0.0203792 81 
2574.49 2199.88 597984 24094 7.96075 0.0296541 -0.0177 81 
2884.19 2985.13 943229 38669 7.42791 0.015924 0.00597249 81 
2771.41 2131.08 60846 2590 4.18171 0.281803 -0.0274241 26 
2735.66 2078.13 55497 2489 3.7384 0.155273 -0.0677307 24 
2327.1 2130.86 312484 10017 9.60485 0.00676878 -0.0107042 81 
2273.32 2151.58 315880 10236 9.20929 0.0264685 0.00282072 78 
2487.68 2176.85 1.52968e+06 65535 6.85908 0.0286124 -0.0255393 81 
2202.02 3412.1 75324 2690 4.97858 -0.139658 -0.0196621 32 
2023.08 3383.96 48924 2719 3.39585 -0.0552075 -0.0649614 21 
1844.96 3548.97 93693 2835 5.91548 -0.0076914 -0.0501454 39 
1804.81 3438.93 59762 2490 4.18993 0.0667515 -0.127457 26 
1842.23 3374.29 126165 3467 7.1863 -0.0504457 -0.0177311 49 
2014.45 3328.38 55055 2514 3.79899 -0.100651 -0.0556152 24 
2068.16 3215.39 57720 2485 3.94332 -0.101868 -0.0457844 25 
1892.3 3296.73 48416 2479 3.37822 -0.107739 -0.0730138 21 
1870.65 3303.75 146213 3867 7.89361 -0.0425895 0.0308488 55 
1791.41 2933.04 122144 3525 6.86839 0.0975132 -0.0616278 47 
2203.97 2941.6 512031 18961 8.28098 -0.000927818 -0.0107023 81 
1789.16 2750 42549 2375 3.13865 -0.0564108 -0.165576 19 
2086.14 2715.61 435614 15817 8.64505 0.00371362 -0.0160058 81 
1718.5 3404.78 49425 2720 3.63121 0.0856725 -0.0309031 21 
1712.23 2843.8 368336 12508 9.16506 0.0072016 -0.0161454 81 
1730.24 2724.57 944725 41086 7.31507 0.00655815 -0.0282041 81 
2085.99 2708.6 20374 2627 5.01428 0.193747 -0.000928478 9 
2021.04 2424.26 45304 2396 3.17688 0.0191401 -0.125506 20 
2071.27 2486.51 328859 10522 9.11814 0.0243195 0.0016411 78 
2187.21 2360.63 547921 21580 8.10097 0.00979324 -0.0214248 81 
2189.65 2282.8 11103 2412 2.07649 0.848073 0.0617141 5 
2073.13 2279.78 53519 2533 3.57599 -0.0812704 -0.0746304 23 
2046.57 2308.63 720037 30462 7.65446 0.025765 -0.0257995 81 
1733.81 2494.68 63129 2593 4.23311 0.0182203 -0.0660536 27 
1740.18 2570.64 167640 4453 8.38431 0.0513055 -0.0382705 60 
1661.93 3272.69 13384 2498 3.40552 0.272585 -0.315573 6 
1612.32 3491.27 59146 2480 4.64583 -0.109114 -0.0551757 26 
1585.64 3279.51 77475 3172 4.86145 0.0161454 -0.0638879 32 
1513.7 3457.1 173090 4257 8.84236 -0.0907538 -0.0712976 62 
1433.62 3315.53 47317 2386 4.20959 -0.352919 0.0552283 21 
1546.29 3118.21 119104 3309 6.97703 -0.0449767 -0.0568943 47 
1575.19 3061.8 309225 9163 9.81357 8.42432e-05 -0.0148424 81 
1648.41 3164.86 742816 29521 7.77581 -0.000357934 -0.0204909 81 
1337.93 3556.48 112764 2922 7.24476 -0.148323 -0.0952952 47 
1229.8 3349.69 174359 4128 9.21588 -0.0211665 -0.0849799 64 
1306.11 3363.75 214975 5138 9.94915 -0.0386503 -0.0224646 73 
1101.79 3534.26 175246 4113 9.51916 -0.0972239 -0.0890204 65 
1311.15 3229.21 116447 3254 6.91867 -0.0838444 -0.0802719 46 
1153.67 3268.92 83314 2710 5.50508 -0.14112 -0.0869783 35 
1646.04 2368.92 94908 3099 5.64397 -0.0185345 -0.0301278 38 
1569.15 2827.6 157195 4154 8.207 0.093274 -0.0290336 58 
1541.34 2866.84 445013 15939 8.71613 0.0126602 -0.0167684 81 
1615.11 2378.78 477165 17661 8.4484 0.010639 -0.0193358 81 
1514.72 2275.38 26753 2553 4.72363 0.344568 -0.0244985 12 
1518.33 2284.63 847673 36089 7.50435 0.0211753 -0.0268782 81 
1327.07 2996.97 39703 3345 4.09439 -0.252804 0.0490024 17 
1495.94 2473.05 43088 2383 2.99978 -0.00217015 -0.0705506 19 
1494.64 2519.45 65665 2656 4.33125 0.0570887 -0.0606868 28 
1425 2756.67 11626 2570 3.67532 -0.796032 0.000910448 5 
1424.6 2753.5 65907 2674 4.3312 -0.00327989 -0.0609835 28 
1367.85 2732.4 53406 3906 3.87429 0.144587 0.0166228 22 
1350.51 2503.48 124381 3434 7.19107 0.0259813 -0.0177732 49 
1367.67 2540.43 173297 4832 8.32248 0.0642462 0.0268867 60 
1329.42 2788.77 217620 5918 9.29764 -0.0164986 0.0126206 70 
1158.52 2959.11 73105 2678 4.80152 -0.0197929 -0.0765182 31 
1145.46 2919.54 69925 2601 4.6182 -0.0032561 -0.055338 30 
1309.7 2369 16189 2531 1.03473 -0.0786041 0.000621185 7 
1314.4 2374.22 11776 2553 0.779252 -0.385277 0.147782 5 
1245.6 2629.65 81598 6787 4.73725 -0.0224889 -0.047845 32 
1135.03 2735.67 318380 9435 9.60946 0.0160055 -0.0158739 80 
1397.46 2259.53 661201 26180 7.937 0.0220362 -0.0284002 81 
1001.9 2716.92 99600 2772 6.477 0.0820921 -0.06003 42 
1033.65 2304.49 13678 2457 3.54551 0.859077 -0.0403008 6 
1335.08 2996.7 787496 31730 7.64706 -0.00634784 -0.0285077 81 
1500.66 2612.45 953844 39900 7.39323 0.0244788 -0.0341559 81 
1425.45 3024.52 977781 40260 7.41452 -0.00334324 -0.0306758 81 
1669.67 3264.1 1.32717e+06 55189 7.18152 -0.0271026 -0.0292028 81 
2048.99 2207.01 21051 2606 1.30165 0.000592512 -0.000858146 9 
2078.05 2230.68 137444 3838 7.58513 0.0157947 -0.0480288 52 
1669.66 2230.74 70024 2792 4.44344 0.0500473 -0.0742489 29 
1923.64 2184.94 43302 2413 3.37786 0.113874 0.00721563 19 
2102.81 2146.45 109155 3310 6.42247 0.0939363 -0.0293739 43 
1689.96 2123.59 357856 10988 9.39719 -0.00542716 -0.0108557 81 
1475.07 2200.67 388161 13033 9.049 0.00402093 -0.0162801 81 
1904.94 2106.61 71035 2752 4.6996 0.0548794 -0.0741305 30 
1864.05 2072.09 45141 2371 3.08961 0.0468513 -0.0363635 20 
1381.47 2212.16 66543 2697 4.41419 0.042274 -0.0867601 28 
1024.5 2164.13 75853 2741 4.9114 -0.0633505 -0.00408766 32 
2228.56 2559.17 1.89512e+06 65535 7.07655 0.0243318 -0.0209584 81 
2165.86 3589.42 1.88522e+06 65535 7.40014 -0.058899 -0.000207443 81 
121.105 4030.49 102523 2547 7.42972 -0.147413 -0.186654 44 
757.889 4021.17 274438 5591 11.172 -0.0598838 -0.0530207 80 
970.876 3986.3 153917 3013 9.64315 -0.0773812 -0.113233 62 
968.126 3703.2 106990 3145 6.4647 0.125688 -0.0285307 42 
824.177 3684.69 115166 2806 8.08709 -0.14218 -0.187851 48 
808.04 3755.2 194105 3939 10.5149 -0.0640975 -0.0996489 71 
829.587 3581.38 133351 3074 8.56033 -0.0645539 -0.155725 54 
943.909 3595.11 251967 5663 10.9522 -0.0226903 -0.0355842 80 
775.606 3141.86 63469 2485 4.60857 -0.0517106 -0.132854 28 
923.978 2924.56 80713 2711 5.29535 0.0703047 -0.0843649 34 
468.441 3924.54 42781 2508 16.7981 0.305003 0.373971 19 
461.909 3920.49 134084 2643 9.4294 -0.1075 -0.163843 57 
473.735 3927.17 149969 2835 10.1174 -0.121207 -0.151897 62 
725.023 3884.07 280819 5765 11.1663 -0.047132 -0.0440291 81 
732.221 3834.14 154698 3162 9.52344 -0.152932 -0.0937166 61 
73.3897 3413.61 11197 2392 3.24502 -0.36627 -0.43886 5 
231.01 3203.32 151887 3059 9.89584 0.100935 -0.152946 62 
80.1065 2856.07 133165 2950 9.02475 0.113649 -0.174395 55 
154.204 2883.95 299762 7090 10.7251 0.0270314 -0.0398423 81 
150.337 2885.72 89821 7318 5.07502 -0.101351 0.0949684 30 
506.737 3685.89 189051 3532 10.9288 -0.0611362 -0.10836 72 
689.068 3684.97 255487 5158 11.349 -0.0163839 -0.033853 81 
285.635 3136.01 184549 3802 10.2319 -0.00707567 -0.0985311 69 
659.646 3766.44 701518 20166 9.3517 -0.0742943 -0.0858032 81 
308.035 2696.48 76296 2569 5.44328 0.130758 -0.165084 33 
215.73 2495.25 96325 2727 6.79528 0.0927086 -0.179362 41 
23.9734 2440.65 255541 5862 10.499 0.0644648 -0.0559384 77 
334.492 2764.14 172260 3626 9.8491 0.032934 -0.0947749 66 
384.972 2711.6 111885 2958 7.23008 -0.0150325 -0.134238 46 
449.73 2537.81 77401 2603 5.33495 0.0389378 -0.147381 33 
28.0396 2235.61 14278 2809 4.26431 -0.380393 0.13834 6 
26.94 2230.82 249990 5576 10.5991 0.052776 -0.0399947 78 
27.134 2065.82 51196 2658 6.24709 -0.470373 0.155765 23 
23.1194 2060.42 25220 5557 7.34801 -0.235986 0.27907 10 
100.65 2144.96 130900 3092 8.39103 0.19533 -0.0881997 53 
289.522 2374.11 68729 2557 5.65189 0.111675 -0.20164 30 
308.431 2439.76 761200 26650 8.52741 0.0631525 -0.0529479 81 
633.915 2810.97 94338 2742 6.18688 -0.0291851 -0.107254 40 
868.478 2713.8 77236 2634 5.37733 0.0475238 -0.122879 33 
969.368 2708.24 114543 3425 9.66874 -0.284232 0.138429 49 
734.837 2813 98940 2878 6.33611 0.0218327 -0.100867 41 
974.368 2518.45 195548 5288 8.85589 0.024416 -0.00176987 65 
516.362 2403.55 148737 3645 8.55622 0.0693495 -0.0817064 58 
663.396 2397.11 45182 2382 3.37055 0.128689 -0.171122 20 
647.713 2424.56 73075 2669 4.80519 -0.00511713 -0.0920227 31 
939.33 2464.2 83610 2777 5.92289 -0.0318269 -0.156143 35 
806.992 2491.5 49817 2409 3.54803 -0.140283 -0.136988 22 
784.25 2486.72 94172 2944 5.96608 0.0342015 -0.065457 39 
732.234 2352.76 47700 2441 3.43627 -0.0249764 -0.0797315 21 
921.673 2114.13 54665 2461 3.74327 0.155215 -0.0665356 24 
630.471 2204.94 187302 4432 9.40327 0.0280124 -0.0480026 67 
672.048 2056.45 83525 2736 5.98951 0.151748 -0.160674 35 
575.218 2175.75 258725 6953 10.0113 0.051644 -0.00361079 77 
17.2078 2073.73 1.62334e+06 59232 8.17197 0.113164 -0.0529454 81 
979.465 2697.27 2.67437e+06 65535 8.4515 -0.0253505 0.0213591 81 
2896.85 2.09129 197132 6712 7.94333 0.351115 -0.00269144 55 
2977.13 60.0082 47442 2386 3.31449 0.0340511 -0.0883434 21 
2958.06 63.6119 207891 4830 9.99014 0.0498453 -0.034889 72 
2587.62 108.436 35990 2374 2.58618 -0.148857 -0.0838572 16 
2564.51 147.601 123759 3264 7.23207 -0.0213234 -0.0457403 49 
2845.7 100.373 409866 13087 9.39247 0.00429999 -0.0415026 81 
2650.63 178.177 90008 2507 8.16205 -0.151402 -0.229718 40 
2927.11 174.991 105051 3111 6.55011 -0.0132969 -0.0917305 43 
1829.04 6.92068 60113 2927 4.20269 0.0769836 -0.0910139 26 
2098.33 91.3369 55938 2528 3.8606 -0.00902908 -0.111095 24 
2054.62 52.3227 218867 5177 10.1579 -0.0453829 0.0167951 74 
2650.5 245.105 192597 4675 9.31584 -0.0148222 -0.0559573 67 
2434.76 278.831 128488 3460 7.21037 0.0604294 -0.0482151 49 
3027.46 367.356 64338 2537 4.36325 0.0671385 -0.0629288 28 
2739.91 387.833 27651 4263 3.73525 -0.170955 -0.0765105 11 
2473.92 311.544 155130 3796 8.35835 0.0665507 -0.0378365 58 
3041.38 706.993 47712 2438 3.40764 0.0667728 -0.150672 21 
3034.21 726.68 63250 2601 4.25606 0.0857116 -0.0691105 27 
2544.39 475.881 108636 3154 6.46337 0.0210613 -0.0537691 43 
2559.52 468.598 234479 6529 9.28741 0.0113709 0.00405891 71 
3013.03 733.581 103701 3074 6.42028 0.0401755 -0.0628134 42 
2809.52 585.351 146632 3764 7.89688 0.0440887 -0.0351393 55 
3069.16 581.784 333467 9918 9.68097 0.0174777 -0.0200181 81 
2449.38 308.535 360588 10924 9.56714 0.00695186 -0.0292042 81 
2301.89 329.248 48058 2451 3.43919 0.131942 -0.104072 21 
2398.69 248.356 324945 9444 9.91852 -0.0028584 -0.0283913 81 
2321.72 355.289 73513 2703 4.73904 0.00312973 0.00989519 31 
2260.46 389.588 278193 7859 9.60332 0.0298455 -0.00721554 76 
2142.77 476.251 81048 2749 5.24264 0.0317875 -0.0417469 34 
2665.75 204.547 885265 34142 7.78183 0.0266415 -0.0380488 81 
1889.58 391.27 188956 5029 8.68817 0.0882581 0.0272406 63 
1972.23 478.867 897795 35526 7.59057 0.0172966 -0.0266942 81 
2662.64 187.761 2.7924e+06 65535 8.3562 0.040978 -0.0342256 81 
1729.39 10.0823 161910 4047 8.49092 0.0601127 0.0323135 59 
1786.52 177.361 75251 2640 4.93148 0.0259126 -0.0628185 32 
1687.39 21.6037 176653 4237 8.96669 -0.00614676 0.0175431 63 
1791.82 166.368 235986 5661 10.3866 -0.00774119 -0.0111409 77 
1777.09 309.711 75167 2656 5.02654 0.0813601 -0.0856785 32 
1814.22 362.233 50507 2488 3.55283 0.00208348 -0.116519 22 
1819.52 327.565 129768 3389 7.43926 0.0269922 -0.0179575 51 
1733.73 487.761 67087 2542 4.58606 -0.00974142 -0.0375125 29 
1826.13 738.458 50208 2458 3.47251 -0.0570362 -0.071731 22 
1792.26 660.735 144856 3693 7.9436 0.00734957 -0.00522082 55 
1700.81 737.585 62935 2571 4.19219 0.0291359 -0.0217076 27 
1830.78 680.635 2.71502e+06 65535 8.25669 0.0211835 -0.0166124 81 
3097.09 1094.84 393453 11469 9.49751 0.0416152 0.00863468 81 
3079.25 1407.86 176134 4442 8.96384 0.0253504 -0.0184462 64 
3032.98 1295.21 182223 8878 8.27204 -0.0429621 -0.0457825 61 
2837.08 853.572 53275 2483 3.62747 -0.103224 -0.0959677 23 
2898.61 984.393 15471 2405 2.90611 0.00135695 -0.403149 7 
2840.59 1014.83 176437 4489 8.77842 -0.0116263 -0.0418868 63 
2898.71 986.582 13532 4811 4.58646 -0.45881 0.37534 5 
2829.77 916.063 67973 2587 4.5697 0.0388862 -0.0291821 29 
2829.41 914.226 28477 2736 3.67583 0.100758 -0.00501272 12 
2758.33 816.421 149723 3717 8.42405 0.0901082 -0.0368195 58 
2931.02 1223.17 86613 2834 5.49 0.0297814 -0.0589121 36 
2076.48 817.001 52450 2463 3.7246 -0.0466568 -0.0812445 23 
2407.64 890.729 67964 2637 4.47769 0.0485699 -0.0740431 29 
2520.43 986.075 67912 2615 4.49947 0.0245322 -0.0393466 29 
2278.6 1004.36 152736 4250 7.78081 0.0437789 -0.0351605 55 
2297.2 1106.12 56786 2600 3.73896 -0.0867793 0.0180286 24 
2577.26 1136.05 115337 3299 6.66131 0.0387788 -0.0667774 45 
2170.26 1151.37 43102 2406 3.01038 0.0881977 -0.0355486 19 
2474.29 1221.57 55110 2468 3.7803 -0.0298053 -0.0254125 24 
2213.78 1213.15 31434 2566 2.53809 -0.198538 -0.184061 14 
2452.18 1022.7 266304 7615 9.6994 0.0388915 0.000854332 77 
2742.56 1125.75 990096 42568 7.35077 0.0288522 -0.0255191 81 
2059.15 1280.97 14271 3455 5.48908 -0.181955 0.0559346 6 
2476.39 1271.82 395441 13551 9.07983 0.0221858 -0.0182276 81 
2806.61 1341.17 156124 4308 7.69189 0.00735522 -0.00761041 55 
2573.18 1301.01 75903 2692 4.9963 0.0889862 -0.0612644 32 
2651.42 1335.16 43015 2401 3.16234 0.0667253 -0.0553787 19 
2372.04 1306.1 45861 2440 3.08687 0.0476621 -0.0368128 20 
2931.64 1418.18 84025 2806 5.7259 -0.0253841 -0.108548 35 
2610.76 1472.12 100858 3155 5.96397 0.0568595 -0.045504 40 
2329.33 1421.71 293416 9129 9.51859 0.0307514 0.00649402 78 
2839.28 1539.34 87862 2946 5.50433 0.0624548 -0.00588703 36 
2776.12 1572.69 102699 3159 6.10219 -0.0552799 -0.0357851 41 
2544.27 1523.51 344921 11054 9.18833 0.0171026 -0.0109869 79 
2146.86 1337 50034 2453 3.41038 0.108004 -0.00411546 22 
2172.13 1408.55 143780 3681 7.97452 0.0901656 -0.0432964 55 
2093.64 1335.86 30970 8874 3.91928 0.287501 -0.232648 11 
2154.95 1573.79 54977 2464 3.79836 0.0106006 -0.0514401 24 
2476.59 1293.78 836030 34742 7.58489 0.0302236 -0.0239435 81 
2060.08 1270.78 1.34175e+06 59823 6.92473 0.0255619 -0.0264182 80 
1869.76 856.48 108259 3231 6.45994 0.0310969 -0.0418502 43 
1851.44 918.351 182284 4746 8.90189 0.0874912 0.0198351 64 
1938.57 1355.79 65885 2662 4.33146 0.0306627 -0.0476038 28 
1817.08 1292.68 245394 6623 9.79716 0.0324616 -0.00964858 76 
1934.09 1478.99 281801 7787 10.0721 0.00609941 -0.00725787 81 
1770.71 1421.65 64866 2596 4.36385 0.0720205 -0.0483065 28 
1735 1173.01 15829 2483 1.1194 -0.000625259 0.246839 7 
1690.19 1340.86 74107 2759 6.93118 0.350191 0.201338 33 
1684.65 1317.01 47168 2730 7.84931 0.64612 0.0645579 21 
1746.16 1556.72 95860 3035 5.90508 0.111905 0.0125139 39 
1925.14 1560.51 146373 4022 7.92337 0.0875664 -0.0195925 55 
1695.45 1526.08 394000 45405 8.44196 0.0334254 0.0291038 70 
1805.83 1523.47 1.58135e+06 65535 6.89711 0.0164921 -0.0292033 81 
1968.68 1178.59 1.49953e+06 65535 6.98253 0.0220429 -0.0277789 81 
2828.15 1980.16 43218 2386 2.95843 0.00223914 -0.0803655 19 
2828.17 1958.28 40706 2392 2.85367 0.0950043 -0.0941069 18 
2843.69 1972.91 68512 2649 4.48143 0.0960509 -0.0115145 29 
2873.58 1634.43 80436 2860 4.9628 0.0053369 -0.0374973 33 
2839.92 1767.42 55110 2480 3.80418 0.0644158 -0.0461916 24 
2807.99 1655.58 122035 3628 6.91977 0.0384299 -0.014354 47 
2748.83 1677.37 101907 3175 6.16714 0.029446 -0.0294305 41 
2742.24 1631.38 123106 3665 6.92198 0.0717025 -0.0336519 47 
2611.84 1752.03 60667 2559 4.14772 0.151234 -0.00792855 26 
2915.37 1784.5 1.14217e+06 50896 7.10975 0.0302311 -0.0279896 81 
2167.13 1973.34 47904 2444 3.32651 0.027098 -0.0718724 21 
1916.55 2041.13 101989 3163 6.12916 0.0684056 -0.0217383 41 
2046.13 1967.99 48399 2525 3.29071 0.0360559 -0.0855142 21 
2204.38 2020.84 390897 13879 8.97818 0.0146127 -0.0156838 81 
1744.49 1934.01 60119 2532 3.98499 0.166692 -0.00471703 26 
2117.18 1866.77 94071 3059 5.67177 0.0370349 -0.0363663 38 
1937.7 1957.76 2.32825e+06 65535 7.57321 0.0106626 -0.0222987 81 
2422.93 1979.18 2.03943e+06 65535 7.19943 0.0181101 -0.0282781 81 
2517.68 1768.67 71100 2745 4.99085 0.118953 -0.101661 30 
2154.01 1838.32 57833 2549 4.01197 0.0414309 -0.0871473 25 
2557.93 1610.64 295314 8940 9.4751 0.0221992 -0.0305838 78 
2191.96 1604.91 89651 2924 5.59764 -0.0549814 -0.0443444 37 
1853.13 1845.46 51005 2528 3.45713 -0.0568959 -0.0700804 22 
1746.77 1770.03 57887 2543 3.95002 0.149012 -0.106634 25 
1969.52 1846.57 189815 5163 8.93035 0.0446319 0.00106302 65 
1908.06 1720.09 31748 2465 4.03818 -0.159894 -0.112882 14 
1807.16 1767.86 433540 15406 8.70707 0.013705 -0.0161934 81 
2050.63 1827.7 703541 29629 7.68068 0.0386721 -0.0225753 80 
1988.37 1714.39 705441 28163 7.75764 0.00903791 -0.0263245 81 
1696.05 1709.77 160687 4094 8.45593 0.0972927 -0.0447755 59 
1847.49 1717.84 439715 15936 8.78976 0.0242438 -0.0181862 81 
1863.21 1634.83 92884 2983 5.70482 -0.0348586 -0.0367788 38 
1981.67 1701.5 953692 40961 7.37478 0.0197186 -0.0289055 81 
1899.16 1719.63 1.17855e+06 51245 7.12555 0.00979316 -0.0299545 81 
2066.89 1764.09 2.38298e+06 65535 7.58887 -0.00030987 -0.0190481 81 
2091.72 1862.77 1.7332e+06 65535 6.98065 -0.00134195 -0.0267184 81 
2581.3 1631.06 1.76728e+06 65535 7.01072 0.0174038 -0.0254465 81 
1877.07 1580.51 2.25199e+06 65535 7.49157 0.0642474 -0.0179453 81 
3010.61 802.69 2.39052e+06 65535 7.84733 0.0338439 -0.0251291 81 
2725.89 789.165 2.7709e+06 65535 8.27821 -0.00190796 -0.0301189 81 
1627.45 559.784 38814 2826 2.75739 0.0260862 -0.0572618 17 
1607.33 386.152 47367 2408 3.34086 -0.0253904 -0.0723601 21 
1611.11 1119.08 65434 2586 4.43035 0.00872803 -0.0575706 28 
1360.01 0.154685 14022 2541 1.76004 0.851415 -0.0010906 6 
1514.16 420.198 59901 2497 4.0976 0.0132876 -0.0725997 26 
1526.45 327.81 129323 3451 7.32913 0.0690397 -0.018712 50 
1355.23 286.574 40773 2573 3.10449 0.107243 0.0420182 18 
1343.15 361.056 60775 2862 4.26004 0.106181 -0.0825455 26 
1512.4 199.463 218626 5386 9.65487 0.0377701 0.0292073 71 
1234.22 410.088 50178 2408 3.46626 0.0266428 -0.0348839 22 
1241 632.047 52758 2438 3.78719 -0.0548168 -0.113179 23 
1226.12 527.872 94055 2817 5.87786 0.00220003 -0.0491068 39 
1459.04 734.562 60920 2604 5.75469 -0.382842 0.137594 27 
1460.08 741.918 283811 7606 10.179 0.00720098 -0.00897384 81 
1541.14 698.601 392157 12758 9.18991 0.00337846 -0.0179303 81 
1079.13 142.784 52486 2423 3.60731 -0.07869 -0.0760686 23 
1572.36 1034.54 14196 2635 2.45882 -0.812474 0.142481 6 
1537.05 1028.38 42783 2379 3.08222 0.108256 -0.140817 19 
1263.91 1068.52 17797 2389 2.94817 0.149177 0.205672 8 
1596.46 1258.03 54811 2489 3.77963 0.155362 -0.0606094 24 
1174.14 1260.92 302506 8568 9.9458 0.0168519 -0.00880993 81 
1483.05 1220.56 433275 14906 8.82456 0.00513462 -0.0170392 81 
1374.23 1208.98 1.30869e+06 53592 7.19093 0.0255602 -0.0259975 81 
236.025 198.456 93656 2633 6.41031 0.15709 0.0201062 40 
458.119 190.885 19481 3729 1.11809 -0.000550427 0.111038 8 
536.239 112.387 136607 3047 8.52336 0.079689 0.052156 56 
610.709 81.3998 121823 2930 7.58788 0.0462326 0.0520396 50 
1077.35 143.001 23274 2725 2.97452 0.236187 0.000776371 10 
931.141 162.28 66012 2478 4.62285 -0.158669 -0.0180039 29 
931.622 160.842 39426 3083 3.61331 0.0885218 0.0385277 17 
1033.17 124.312 152323 3492 8.72887 0.101761 0.0334951 59 
171.37 428.256 140333 3128 8.83642 0.171523 0.0578486 57 
286.84 431.88 53791 2392 3.85531 0.178104 -0.0174723 24 
105.112 1021.52 83149 2572 5.6378 0.182851 -0.00249531 36 
297.847 1118.99 88909 2683 5.94324 0.119495 -0.0154842 38 
223.987 903.662 253726 6050 10.1202 0.0551609 -0.00333279 76 
1074.46 362.864 65328 2549 4.44857 -0.0751105 -0.0803558 28 
957.587 356.395 139235 3073 9.08085 0.149007 -0.079387 57 
377.971 257.402 83975 2608 5.58734 0.145628 0.000185106 36 
691.903 258.485 199556 4475 9.88184 0.0616611 -0.00771112 70 
427.47 483.091 56676 2395 4.1884 0.24137 0.0109122 25 
344.612 526.811 96717 2687 6.42857 0.178337 0.0395409 41 
1039.33 678.111 15638 2599 1.81787 0.217924 -0.280399 7 
1044.87 926.93 14649 3033 4.20728 0.226387 0.457787 6 
993.337 997.382 108942 3078 6.67825 0.102562 -0.0518364 44 
1005.75 1178.38 11280 2541 1.6595 0.715611 0.0573581 5 
903.44 1191.83 202092 4789 9.65874 0.0231916 0.00747162 70 
446.251 676.442 491560 15589 9.12883 0.0384734 -0.00537572 81 
644.873 577.359 71763 2605 4.84411 0.0797627 -0.0202273 31 
674.22 649.007 87112 2677 5.74217 0.107527 -0.00277786 37 
853.895 779.602 22051 2405 1.91025 -0.0735924 -0.228622 10 
751.614 832.947 67791 2581 4.57822 0.0395512 -0.0793732 29 
584.658 1045.77 101579 2871 6.40182 0.125331 -0.0129976 42 
422.371 1255.61 22211 2603 1.68224 0.0185202 -0.086588 10 
855.996 999.915 964676 36086 7.70237 0.03357 -0.0126864 81 
1075.52 268.247 1.8305e+06 65535 7.47362 0.0139439 -0.0195217 80 
1608.03 1995.77 447356 15872 8.62017 0.0111902 -0.0164704 81 
1125.5 2026.5 131852 3612 7.47474 0.091119 -0.0108473 51 
1056.64 1988.88 73528 2715 4.84884 0.0603308 -0.0679443 31 
1037.97 1915.41 71268 2781 4.6194 0.0405764 -0.0479146 30 
1562.39 1991.87 920372 38636 7.41455 0.0272063 -0.0245206 81 
1588.91 1323.29 30423 2536 2.21917 -0.00276381 -0.187778 13 
1521.31 1305.39 169999 4144 9.0983 0.0944153 0.0403315 63 
1426.79 1825.5 27326 4470 4.04495 0.153597 0.0392098 11 
1576.28 1742.84 40219 2377 2.96242 0.0936429 -0.131939 18 
1577.01 1741.29 20242 2500 3.0075 -0.269038 -0.1243 9 
1345.98 1750.54 26036 4743 4.24337 0.125796 0.133697 10 
1421.22 1825.61 294521 8978 9.52369 0.028088 0.00606371 78 
1674.06 1340.8 31060 2531 3.15837 -0.124262 -0.236904 14 
1389.09 1486.1 13765 2659 4.0976 0.0860337 -0.288033 6 
1385.77 1487.99 100202 2996 6.25662 0.100772 -0.0593762 41 
1515.07 1347.75 286254 8192 9.7625 0.0237523 -0.000417439 79 
1225.95 1379.19 48362 2464 3.27703 0.0499006 -0.0831242 21 
1319.68 1871.31 75223 2703 4.97502 -0.0204824 -0.0440455 32 
1321.22 1853.32 101113 3195 6.08657 0.0712594 -0.0825285 40 
1346.16 1595.17 13970 2557 0.922299 0.0152788 0.143437 6 
1343.5 1749.63 82932 2947 5.26087 0.0229241 -0.0724532 34 
1269.26 1656.63 82744 2903 5.26973 0.180195 -0.0437596 34 
1279.19 1728.96 331463 9859 9.59411 0.014185 -0.0109035 81 
1186.13 1445.79 51988 2447 3.60414 -0.0835784 -0.0760313 23 
1209.74 1447.01 116739 3267 6.85087 0.116872 -0.0380897 46 
1196.09 1765.22 81574 2807 5.24091 0.0958262 -0.0448307 34 
1187.14 1598.83 88778 2834 5.95648 0.0752834 0.0240488 37 
1207.91 1529.54 246806 6734 9.60141 0.0437319 -0.028025 74 
1151.26 1639.05 45602 2385 3.17933 -0.0186697 -0.127659 20 
1128.4 1459.88 178971 4378 9.20887 0.0358043 -0.0381567 65 
1223.02 1338.54 521299 19252 8.39661 0.0130342 -0.0175423 81 
100.392 1318.19 73549 2504 5.1968 0.236425 -0.037358 32 
65.9189 1490.79 30964 2467 2.35298 0.140211 -0.126985 14 
205.48 1404.13 52000 2399 3.77665 0.214192 -0.0751064 23 
960.833 1304.07 68155 2623 4.65515 0.058641 -0.0300173 29 
857.356 1380.31 194650 4866 9.33724 0.0811305 0.0391741 67 
487.272 1393.63 88305 2820 5.74066 0.19365 -0.0400242 37 
786.359 1285.77 441353 14717 9.02316 0.0359954 -0.0147661 81 
301.201 2005.14 138325 3430 8.23286 0.212718 -0.0764504 54 
165.944 1917.7 102758 2819 7.03577 0.269305 -0.110227 43 
226.452 1876.55 151913 3449 9.11881 0.197614 -0.0384143 60 
61.0456 1833.92 400379 11190 9.7012 0.0590114 -0.0227732 81 
413.876 1860.09 73769 2534 5.10532 0.0633742 0.033841 32 
375.097 1725.45 758531 27980 8.19117 0.0577836 -0.0265421 81 
280.746 1596.42 20368 2526 3.23378 -0.0125444 0.167797 9 
285.545 1586.07 61588 2496 4.3602 0.203436 -0.10924 27 
283.191 1597.3 70393 2496 4.89099 0.169354 -0.0384843 31 
256.955 1669.9 440331 13478 9.26706 0.0519947 -0.0176826 81 
826.039 1899.43 691570 26783 7.9176 0.0235263 -0.0252091 81 
883.763 1837.05 57587 2508 3.95844 0.148312 -0.106259 25 
915.086 1799.86 318523 9425 9.7463 0.0127598 -0.011634 81 
611.736 1744.37 11611 2870 4.52625 -0.0897062 0.390908 5 
504.276 1611.87 128709 3301 7.71088 0.209061 -0.0335827 51 
717.09 1665.66 526987 18702 8.54358 0.0299931 -0.0201758 81 
553.256 1842.37 1.33923e+06 54461 7.45479 0.0608438 -0.0335048 81 
682.519 1561.42 1.46958e+06 59838 7.33277 0.0582619 -0.025772 81 
1007.39 1397.7 2.49602e+06 65535 7.92116 0.0143266 -0.026871 81 
624.517 1282.91 2.08204e+06 65535 7.47149 0.0453504 -0.0233316 81 
1683.25 1329.61 2.07374e+06 65535 7.25707 0.0189051 -0.0247137 81 
1956.88 2054.26 2.39248e+06 65535 7.68438 0.0339787 -0.0214982 81 
3116.46 1577.47 2.07765e+06 65535 7.27284 0.0410961 -0.0256394 81 
