4452 1.0
22979 1.0
32378 1.0
32833 1.0
34384 1.0
43876 1.0
43986 1.0
52046 1.0
59150 1.0
69166 1.0
72228 1.0
74567 1.0
77862 1.0
88328 1.0
93102 1.0
94474 1.0
97088 1.0
97758 1.0
100341 1.0
101486 1.0
102322 1.0
104046 1.0
107723 1.0
110206 1.0
110509 1.0
110781 1.0
114569 1.0
115288 1.0
117083 1.0
117645 1.0
137274 1.0
140643 1.0
142384 1.0
145793 1.0
147059 1.0
149398 1.0
158046 1.0
169421 1.0
179807 1.0
186048 1.0
189693 1.0
193566 1.0
200983 1.0
207270 1.0
207538 1.0
208196 1.0
210103 1.0
215676 1.0
215681 1.0
220245 1.0
221093 1.0
224290 1.0
224485 1.0
226298 1.0
227266 1.0
228661 1.0
231229 1.0
232477 1.0
237839 1.0
240046 1.0
254842 1.0
256360 1.0
257548 1.0
257622 1.0
263340 1.0
266460 1.0
272130 1.0
272607 2.0
273849 1.0
273921 1.0
276513 1.0
291873 1.0
294780 1.0
294981 1.0
295005 1.0
305626 1.0
310474 1.0
313674 1.0
315248 1.0
315341 1.0
321594 1.0
323460 1.0
326438 1.0
336210 1.0
336820 1.0
338895 1.0
346327 1.0
351122 1.0
351305 1.0
357851 1.0
359538 1.0
364890 1.0
374970 1.0
385716 1.0
395119 1.0
397888 1.0
398675 1.0
414042 1.0
414067 1.0
417583 1.0
417673 1.0
419413 2.0
421341 1.0
423234 1.0
432437 1.0
439783 1.0
440217 1.0
445622 1.0
445864 1.0
449328 1.0
449483 1.0
463441 1.0
463558 1.0
469309 1.0
470445 1.0
478203 1.0
478251 1.0
480101 1.0
482164 1.0
483982 1.0
486079 1.0
488118 1.0
497562 1.0
497992 1.0
504753 1.0
514911 1.0
520092 1.0
520430 1.0
524121 1.0
526451 1.0
528340 1.0
529350 1.0
531172 1.0
532624 1.0
535491 1.0
536516 1.0
538552 1.0
540280 1.0
541750 1.0
545565 1.0
545731 1.0
548480 1.0
550618 1.0
552795 1.0
557783 1.0
565233 1.0
571185 1.0
575473 1.0
582427 1.0
597858 1.0
601941 1.0
608231 1.0
624539 1.0
632928 1.0
634775 1.0
638575 1.0
641002 1.0
642879 1.0
651141 1.0
654994 1.0
656285 1.0
673426 1.0
673708 1.0
680157 1.0
683125 1.0
691319 1.0
693367 2.0
693368 1.0
704350 1.0
704475 1.0
705326 1.0
706747 1.0
706826 1.0
714164 1.0
725860 1.0
726980 1.0
739333 1.0
752799 1.0
757753 1.0
769982 1.0
770938 1.0
783444 1.0
788448 1.0
796644 1.0
798848 1.0
802787 1.0
805810 1.0
811092 1.0
815230 1.0
815955 1.0
819159 1.0
825199 1.0
835532 1.0
837545 1.0
838465 1.0
839593 1.0
847790 1.0
848742 1.0
850791 1.0
853939 1.0
884684 1.0
888787 1.0
894904 1.0
897825 1.0
909420 1.0
923510 1.0
945870 1.0
962519 1.0
963926 1.0
968679 1.0
975713 1.0
983588 1.0
983908 1.0
989329 1.0
991151 1.0
994067 1.0
997586 1.0
1008080 1.0
1031159 1.0
1032375 1.0
1032455 1.0
1036425 1.0
1036426 1.0
1038473 1.0
1045293 1.0
1047341 1.0
1061718 1.0
1073768 1.0
1075194 1.0
1077082 1.0
1077217 1.0
1081307 1.0
1085501 1.0
1095495 1.0
1102409 1.0
1109975 1.0
1116346 1.0
1127389 1.0
1135611 1.0
1142751 1.0
1144757 1.0
1147766 1.0
1152992 1.0
1157063 1.0
1161145 1.0
1161168 1.0
1167340 1.0
1177569 1.0
1179597 1.0
1179602 1.0
1181669 1.0
1183683 1.0
1187755 1.0
1194087 1.0
1198191 1.0
1201005 1.0
1202133 1.0
1204280 1.0
1208277 1.0
1210307 1.0
1214412 1.0
1216449 1.0
1216489 1.0
1216570 1.0
1218538 1.0
1220568 1.0
1220570 1.0
1220664 1.0
1222620 1.0
1224768 1.0
1227700 1.0
1228763 1.0
1228902 1.0
1230797 1.0
1230950 2.0
1234900 1.0
1240277 1.0
1243167 1.0
1246900 1.0
1251274 1.0
1251287 1.0
1251432 1.0
1253484 1.0
1255362 1.0
1255364 1.0
1257409 1.0
1259476 1.0
1263583 1.0
1265588 1.0
1265589 1.0
1267660 2.0
1269720 1.0
1282025 1.0
1290228 1.0
1296592 1.0
1299335 1.0
1301798 1.0
1304536 1.0
1318954 1.0
1321138 1.0
1329013 1.0
1330256 1.0
1335248 1.0
1349583 1.0
1353686 1.0
1361872 1.0
1372125 1.0
1379879 1.0
1380593 1.0
1405794 1.0
1409855 1.0
1411941 1.0
1413092 1.0
1419236 1.0
1419929 1.0
1430411 1.0
1433312 1.0
1433714 1.0
1435483 1.0
1449952 1.0
1465588 1.0
1466168 1.0
1469320 1.0
1470434 1.0
1478806 1.0
1478807 1.0
1481614 1.0
1489086 1.0
1491000 1.0
1499075 1.0
1499087 1.0
1513423 1.0
1514404 1.0
1515237 1.0
1515478 1.0
1519381 1.0
1520294 1.0
1521769 1.0
1524614 1.0
1525502 1.0
1526664 1.0
1527725 1.0
1529590 1.0
1529591 1.0
1530036 1.0
1534743 1.0
1542844 1.0
1561369 1.0
1568721 1.0
1573656 1.0
1574989 1.0
1577560 1.0
1578646 1.0
1579783 1.0
1580828 1.0
1585087 1.0
1594576 1.0
1603330 1.0
1603397 1.0
1604398 1.0
1605557 1.0
1610437 1.0
1618101 1.0
1629320 1.0
1634980 1.0
1641193 1.0
1651311 1.0
1651435 1.0
1658690 1.0
1660448 1.0
1670145 1.0
1706185 5.0
1710511 1.0
1714118 1.0
1720263 1.0
1724324 1.0
1730491 1.0
1736528 1.0
1740624 1.0
1748919 1.0
1757982 1.0
1762174 1.0
1766327 2.0
1770475 1.0
1776619 1.0
1780500 1.0
1780651 1.0
1783971 1.0
1791906 1.0
1802968 1.0
1803322 1.0
1813284 1.0
1817328 1.0
1844143 1.0
1855396 1.0
1858167 1.0
1860334 1.0
1881843 1.0
1890247 1.0
1903600 1.0
1907740 1.0
1940164 1.0
1946463 1.0
1950662 1.0
1954342 1.0
1964223 1.0
1973610 1.0
1982379 1.0
1993725 1.0
2022556 1.0
2023314 1.0
2024203 1.0
2026748 1.0
2037529 1.0
2041766 1.0
2056052 1.0
2058112 1.0
2064751 1.0
2064830 1.0
2070074 1.0
2075335 1.0
2079079 1.0
2080765 1.0
2081170 1.0
2089778 1.0
2095844 1.0
2109445 1.0
2124466 1.0
2126578 1.0
2131111 1.0
2132690 1.0
2132925 1.0
2134731 1.0
2137999 1.0
2143028 1.0
2144449 1.0
2146792 2.0
2147034 1.0
2151133 1.0
2156430 1.0
2159244 1.0
2161190 1.0
2163071 1.0
2171110 1.0
2179967 1.0
2183932 1.0
2187557 1.0
2187977 1.0
2191440 1.0
2194412 1.0
2202563 1.0
2203552 1.0
2216174 1.0
2231601 1.0
2237134 1.0
2237425 1.0
2245564 1.0
2249018 1.0
2257207 1.0
2262136 1.0
2263637 1.0
2267302 1.0
2271945 1.0
2274953 1.0
2276277 1.0
2281308 1.0
2281521 1.0
2281538 1.0
2281916 1.0
2292193 1.0
2297739 1.0
2300022 1.0
2300023 1.0
2300221 1.0
2300237 1.0
2300297 1.0
2302400 1.0
2330636 1.0
2332822 1.0
2336926 1.0
2340664 1.0
2342744 1.0
2345850 1.0
2351274 1.0
2353137 1.0
2353468 1.0
2355078 1.0
2357110 1.0
2357956 1.0
2361660 1.0
2367528 1.0
2368275 1.0
2382144 1.0
2384599 1.0
2386111 1.0
2386869 1.0
2398066 1.0
2398871 1.0
2401448 1.0
2403620 1.0
2405399 1.0
2416863 1.0
2417667 1.0
2418607 1.0
2419079 1.0
2424891 1.0
2425497 1.0
2429136 1.0
2429191 1.0
2430803 1.0
2434945 1.0
2436053 1.0
2436937 1.0
2443988 1.0
2446282 1.0
2446297 1.0
2447637 1.0
2451280 1.0
2457463 1.0
2458130 1.0
2467341 1.0
2474700 1.0
2478787 1.0
2484937 1.0
2489033 1.0
2497572 1.0
2501328 1.0
2505817 1.0
2509534 1.0
2510731 1.0
2520154 1.0
2520642 1.0
2521662 1.0
2521824 1.0
2523871 1.0
2531399 1.0
2531914 1.0
2534322 1.0
2542158 1.0
2564901 1.0
2567147 1.0
2568451 1.0
2569979 1.0
2573394 1.0
2575452 1.0
2601395 1.0
2606169 1.0
2607847 1.0
2611131 1.0
2612268 1.0
2613072 1.0
2613156 1.0
2614136 1.0
2615655 1.0
2628641 1.0
2631904 1.0
2632702 1.0
2636749 1.0
2645609 1.0
2652367 1.0
2652790 1.0
2653505 1.0
2654750 1.0
2656963 1.0
2659746 1.0
2667278 1.0
2679814 1.0
2684003 1.0
2696251 1.0
2703117 1.0
2709366 1.0
2713345 1.0
2718590 1.0
2726833 1.0
2735641 1.0
2736243 1.0
2740567 1.0
2741317 1.0
2750766 1.0
2756892 1.0
2759117 1.0
2768933 1.0
2768937 1.0
2774495 1.0
2784404 1.0
2798919 1.0
2822308 1.0
2825095 1.0
2828704 1.0
2834145 1.0
2846701 1.0
2853268 1.0
2854456 1.0
2855880 1.0
2861951 1.0
2863187 1.0
2870924 1.0
2873881 1.0
2878289 1.0
2883653 1.0
2891284 1.0
2891829 1.0
2899045 1.0
2903971 1.0
2907414 1.0
2914155 1.0
2916794 1.0
2919664 1.0
2923679 1.0
2925680 1.0
2938092 1.0
2939550 1.0
2941817 3.0
2957000 1.0
2958755 1.0
2963062 1.0
2966652 1.0
2966679 1.0
2971418 1.0
2983589 1.0
2985212 1.0
2988766 1.0
3001980 1.0
3005761 1.0
3016047 1.0
3018289 1.0
3018568 1.0
3020458 1.0
3020805 1.0
3024774 1.0
3042001 1.0
3042334 1.0
3046433 1.0
3047262 1.0
3047417 1.0
3052259 1.0
3058077 1.0
3066000 1.0
3069274 1.0
3100144 1.0
3103158 1.0
3109835 1.0
3143026 1.0
