   202.46957   47.19526   1000   1800 
   39.82039   40.87229    800    800 
   39.63658   -6.67755    600    600 
   40.10005   39.06325   1200    800 
   40.43847    0.44318    800    800 
   40.66988   -0.01329    800   1000 
   40.91916    1.37587    800    800 
   41.49969   -7.57864    600    600 
   41.57941  -30.27491   1200   1200 
   42.91861  -16.65077    600    600 
   43.80111   -0.18384    600    600 
   45.30903   44.89721    600    600 
   46.37880   42.83542    600    600 
   45.65661  -22.86716    800    800 
   47.43964  -20.57930   1000   1000 
   47.81098   -8.92214    800    800 
   48.05966  -10.48112    800    800 
   48.53769   -2.82295    800    800 
   49.00312   -2.42737    800    800 
   49.95098   41.51168   1200   1200 
   49.32750  -41.10807   1400   1400 
   49.92116  -19.41136   1000   1000 
   49.56686  -66.49826   1200   1200 
  157.33301   29.49144    800    800 
  157.77820   28.79640    800    800 
  159.14854  -27.51843    600    600 
  159.17842  -27.52834    600    600 
  159.78972   41.68687    800    800 
  159.88292    5.10745    600    600 
   39.14779   59.65459   1400   1200 
   40.47927   59.60423   1500   1800 
  158.13315   54.40098    800    800 
  193.52187   27.14963    800    800 
  196.60712   67.70724    800    800 
    9.42128  -33.71633    800    800 
  228.64282  -52.98938    600    800 
   84.65774  -69.09513   2464   3200 
   41.66330   21.58594    800    800 
   44.21523   58.91156    800    800 
   20.10039   58.02693    800    800 
  206.70462  -60.40831    800    800 
  133.70373   20.10854    600    600 
  187.27812    2.05233    600    600 
  335.95673   -2.10381    400    400 
  147.75089   20.07219    600    600 
   13.70961   29.24649    600    600 
  104.26571   -5.02215    600    600 
  309.44861   51.63369    600    600 
  109.21249  -18.87382    600    600 
  359.73080   -3.55455    400    800 
  131.34049  -42.31272    600    600 
  203.97424  -34.29575    600    600 
  322.25977  -52.76735    600    600 
  324.12027  -54.55732    800    800 
  330.50790  -31.86989    800    600 
  330.66592  -20.81282    800    800 
  331.96841   31.35915    600    600 
  332.54880  -16.66100    800    800 
  338.94263  -26.05025    800    800 
  350.52744   40.84543   1200   1200 
  354.97446  -12.29301    800    800 
  359.45761  -32.59103   1200   1200 
    0.81228   16.14523    800    800 
   65.30680  -21.84613    800    800 
  124.43029  -30.13059    800    800 
  143.33962  -33.03351    800    800 
  195.81973  -17.42303   1000   1000 
   74.48602   -0.12578    600    600 
  355.93979  -31.95677    800    800 
    0.49175  -15.46772   1200   1800 
   13.39565   12.69313    600    600 
  241.51688   55.42533    800    800 
  243.60335   -0.20754    800    800 
  248.78285   40.99124    600    600 
   23.42051   44.92869    600    600 
   27.38158   32.58812    600    600 
   39.06730   25.42382    800    800 
   43.79618   51.90716    800    800 
   53.01423   68.36839    800    800 
   57.08638   70.13288    800    800 
   60.70106    1.96573    800    800 
   61.11308   -2.18917    600    600 
   63.09446    5.54698    800    800 
  202.30795  -33.17384    800    800 
  202.45346  -17.96649   1200   1200 
  202.40212   58.41873    800    800 
  204.51266  -17.88403    800    800 
  204.38362    8.88506    800    800 
  183.82031   13.02384    800   1000 
  183.91322   36.32689    800    800 
  183.97685   13.14940   1000   1000 
  183.96208   47.09179    800    800 
  184.17549   69.46257   1400   1800 
  184.37556   45.61928    800    800 
  184.37358   37.80711   1600   1600 
  184.70677   14.41649   1200   1200 
  184.67932   65.89808    800    800 
  184.92631    5.53820    800    800 
  184.96111   29.61470   1200    800 
  185.02841   29.28050    800    800 
  185.25960    3.72196    800    800 
  185.30371   18.38240    800    800 
  185.42699   14.59776    800    800 
  185.63066   15.53792    800    800 
  185.63350   29.89532    800    800 
  185.82187   11.36798    800    800 
  186.11762    7.31752    800    800 
  186.44508   12.66207    800    800 
  186.45384   33.54675   1600   1600 
  186.86066   11.10754    800    800 
  186.94022   13.00859    800   1200 
  187.01622    9.80362    800    800 
  119.56254  -49.85141    800    800 
  354.45810  -47.72778    800    800 
  256.75009  -62.08451    800    800 
  194.28436  -32.51276    800    800 
   57.45602  -71.63538    800    800 
  186.26575   12.88696    800    800 
  186.35022   18.19108   1200   1000 
  186.54923   12.94597   1200   1000 
  187.70593   12.39110   1200   1200 
  187.99674   14.42041    800    800 
  188.91618   12.55604   1000   1000 
  188.86012   14.49632    800    800 
  259.28006   43.13568   1200   1200 
  192.72145   41.12015   1200   1400 
  161.69060   11.81994   1000   1000 
  183.45122   14.90047   1000   1000 
  185.72875   15.82238   1600   1600 
  210.80243   54.34875   2400   2400 
  161.95666   12.58163   1200   1200 
  184.74008   47.30372   1400   2000 
  167.87903   55.67412   1200   1200 
  179.39993   53.37452   1000   1000 
   10.09198   41.68530   1400   2800 
    2.48559  -24.96313   1200   1200 
    2.77755  -12.10787    800    800 
    3.51662  -23.18209    800   1200 
    3.62758   -7.16740    600    600 
    3.68583   -7.34528    600    600 
    3.72334  -39.19663   2800   1800 
  194.50517    1.57558    800    800 
  194.83864  -15.04217    600    600 
  194.75975   34.85944    800    800 
  194.86308   14.17105    800    800 
  195.23373   27.79078   1200   1200 
   79.16167  -37.10252    800    800 
  133.63544  -32.93748    600    600 
  111.25654  -32.49903    600    600 
  212.09892  -47.97081    600    600 
  254.18703  -62.40311    600    600 
   44.20684  -54.57629   1200   1200 
   91.42652  -86.63202    600    600 
  166.95212  -46.52607    600    600 
  262.29025  -62.44574    800    800 
  225.84198  -39.30196    600    600 
  203.69673  -45.54744    800    800 
  244.20802   35.70177    600    600 
   52.11551   40.15454    600    600 
   77.08209   17.36324    600    600 
  110.37643   55.76148    600    600 
  110.38608   55.75745    600    600 
   69.09293  -10.37630    800    800 
    1.58159   20.20294    600    600 
  148.07987   -1.61225    600    600 
  194.05971   56.87345    600    600 
  316.94122    3.87764    400    400 
  209.01202   18.37190    600    600 
  147.32527   16.87912    600    600 
  145.64681   58.85121    600    600 
  146.81441   67.91638   1200   1200 
  147.59264   72.27865    800    800 
  146.06685  -21.27829    600    600 
  146.42519  -14.32636    800    800 
  146.41164  -31.19109   1200   1200 
  147.15021   33.42149    800    800 
    6.01182   16.48639    800    800 
    6.02233  -72.08144   2040   2040 
    6.69296  -33.67724    600    600 
    7.59122  -33.24535    800    800 
    8.30050   48.50874   1400   1800 
    9.74154   48.33738   1200   1200 
   10.14592  -13.87280    800    800 
   10.69110  -23.56160    600    600 
   11.78564  -20.76040   2100   2100 
   11.88806  -25.28880   2800   2400 
   12.75776   -7.05693    600    600 
   12.76885   -7.06564    600    600 
   13.19249  -26.58742   1600   1600 
   13.17652  -31.20583    800    800 
   13.72283  -37.68438   1500   2200 
   14.17781   -9.91407    600    600 
   14.95871   -7.57796   1200   1200 
   15.71465  -65.61015    600    600 
   17.36280   35.71796    600    600 
   20.02790    3.41527   1200   1200 
   20.44520    5.25672    800    800 
   21.14613    3.79241    800    800 
   21.14082    1.73118    600    600 
   21.19116    9.99452    600    600 
  177.75743  -28.80621   1000   1000 
  178.20605   44.12073   1200   1200 
  178.30719   60.67556    800    800 
  178.45428   52.32654    800    800 
  179.18398   32.02161    600    600 
  338.96616   33.94488   1000   1000 
  338.99130   33.96563   1000   1000 
  339.01483   33.97575   1000   1000 
  339.01407   33.94810   1000   1000 
  339.26709   34.41592   1200   1200 
  343.75394  -39.66137    800    800 
  344.15067  -37.03008    800    800 
  344.32654  -41.07057   1200   1200 
  345.54343  -39.56940    800    800 
  345.24982   30.14478    600    600 
  345.81531    8.87369    800    800 
  348.70209  -43.59994    800    800 
  349.04486  -42.58483    800    800 
  349.59842  -42.37057    800    800 
  349.83810  -42.25684    800    800 
  349.77002   -8.48514    800    800 
  187.06429   28.62030   1200   1200 
  187.04633   44.09356    800    800 
  187.12347   17.08495   1000   1000 
  187.18043   11.75492    600    600 
  187.18329   22.82156    600    600 
  187.45366   13.42932    800    800 
  187.65153   41.64363    800   1000 
  187.73805   11.48355    600    600 
  187.85014   25.77498    800    800 
  188.18994    0.11504   1000    800 
  188.37616    8.65446    800    800 
  188.44934   15.16717    600    600 
  188.51262    7.69914    800    800 
  204.98344  -31.64018    800    800 
  206.59872   43.87204    800    800 
  206.60271   46.10739    600    600 
  209.05002    5.01446   1200   1200 
  207.31334   60.19041   1000   1000 
  207.72606   38.27443    800    800 
  208.32439   33.49076    800    800 
  208.91676   40.46177    800    800 
  209.27075   41.84600    800    800 
  210.33981  -33.06378   1200   1200 
  209.96175   38.18245    600    600 
  210.83711  -41.37771    800    800 
  210.91154  -33.97839    800    800 
  210.85356   -6.06910    800    800 
  210.85854   -6.03081    800    800 
  211.25670   53.66221   1200   1200 
  212.01311  -33.31506    600    600 
  212.90773   -1.15872    800    800 
   94.11669  -21.37585   1000   1000 
  140.75441  -32.44976    800    800 
  149.98143  -29.61780    800    800 
  152.21068  -67.03085    800    800 
  157.09784   68.41214   1400   1600 
  183.94171   10.70025    600    600 
  209.47607  -29.31573    800   1000 
  215.30455  -46.29790    600    600 
  245.18517  -70.14260    800    800 
  277.15820  -66.98228    800    800 
  278.60318  -58.49662    800    800 
  298.59802  -58.71356    800    800 
  160.53145   13.74693    800    800 
  160.87979   24.92222   1000   1000 
  160.99056   11.70361   1200   1200 
  161.65352   63.22364   1000   1000 
  161.55270    1.81332    800    800 
  158.78433  -43.69184    600    800 
  162.07040   12.62930   1200   1200 
  161.92667   13.98564    800    800 
  162.11636   12.53316    500    500 
  163.12972   36.61878    800    800 
  165.09978   28.97482    800    800 
  165.84903  -23.08679    800    800 
  166.69789   72.56853    800    800 
  166.45247   -0.03590   1200   1200 
  167.49054  -37.53934    800    800 
  168.54575   48.31838    800    800 
  168.32129  -26.75499    800    800 
  168.65418   12.81802   1000   1000 
   21.38085    1.75903    800    800 
   22.61895  -22.66721    800    800 
   22.83648   -6.86806   1000   1000 
   23.57598  -29.41849    800    800 
   23.76930  -41.43620    800    800 
   24.17405   15.78346   1400   1400 
   25.75979   13.64568    800    800 
   26.97718   27.43278   1000   1000 
   27.82320   22.35797    800    800 
   27.23879    5.90598    600    600 
   27.35358   21.99730    800    800 
   27.62853    6.14521    800    800 
   91.87440  -61.80758    800    800 
  251.83354  -57.44017    800    800 
  121.54623  -27.52841    800    800 
  116.89188  -41.45214    800    800 
  123.74861  -30.86699    800    800 
  116.96687  -18.74900    800    800 
  227.37053  -52.55547    800    800 
  247.27731  -61.64428    800    800 
  154.23134  -48.88107    800    800 
  134.36923  -39.26845    800    800 
  231.89603  -64.17095    800    800 
  124.41027  -29.73071    800    800 
  248.80881  -58.08003    800    800 
  125.32272  -25.77506    800    800 
   36.16923  -19.14203    600    600 
  254.76230  -60.21602    800    800 
  195.58815  -50.33404    800    800 
  124.27531  -27.45582    800    800 
  124.69003  -25.49952    800    800 
  128.34517  -22.97367   1200   1200 
  130.90872   50.20554    800    800 
  129.35260  -55.12374    800    800 
  132.29947   60.22112    800    800 
  133.90721   78.22308    800    800 
  131.28436  -33.79476    800    800 
  133.38644   51.31358    800    800 
  133.17227   33.42180   1200   1200 
  133.89479   58.73441    800    800 
  137.02582   78.08516    800    800 
  138.42996   76.47530    600    600 
  195.35889   27.88598    800    800 
  196.02194  -41.41159    600    600 
  196.05995  -10.33961    800    800 
  196.05476   -5.55162    800    800 
  196.36366  -49.46790   2400   2400 
  196.45383   -8.02041    600    600 
  196.77490  -23.67704    800    800 
  197.15636  -49.50641    800    800 
  197.73463   37.05894    800    800 
  198.04916   44.03802    800    800 
  198.36473   36.59365   1400   1400 
  199.24370  -16.63485    800    800 
  199.72836  -21.03910   1200   1200 
  200.07051  -21.82758   1200   1200 
  200.44267  -27.43052   1200   1200 
  200.49023  -36.63021   1200   1200 
  201.43358  -29.83368    800    800 
  201.53824   35.93443   1000   1000 
   58.66220  -20.50245    800    800 
   59.42678  -48.90847    600    600 
   60.97617  -43.34885   1000   1000 
   61.01133  -54.10006    800    800 
   62.10057  -47.89704    600    600 
   65.86292   75.29557    800    800 
   63.01806  -32.87421   1000   1000 
   63.41961  -31.64541    600    600 
   63.18019  -57.73796    800    800 
   63.65226  -56.06081    800    800 
   63.93843  -55.59236   1000   1000 
   64.04361  -55.78014    800    800 
  148.42035    1.57965    800    800 
  148.70688    9.27164    800    800 
  150.82976   68.73373    800    800 
  150.49135   55.68000    800   1000 
  150.77866  -26.15957   2400   1600 
  151.30824   -7.71858    800    800 
  151.45065  -67.37798    800    800 
  152.28116  -29.06430    800    800 
  153.44031    3.42467    800    800 
  153.56291    3.46612    600    800 
  153.67546  -28.87206    800    800 
  154.57077   41.42438   1200   1200 
  154.52351   21.83194    800    800 
  154.97913   45.54969   1200   1200 
  155.64366   19.88705    600    600 
  155.86255   19.89844    800    800 
  155.87753   19.86495    800    800 
   71.57073   76.41890    600    600 
   71.62399   18.46091    800    800 
   98.38961   21.03710    800    800 
  123.48853   52.64795    600    600 
  123.49545   45.74215    600    600 
  141.07729   34.51338    600    600 
  143.44222   10.15239    600    600 
  143.96539   61.35292    600    600 
  152.04196   53.08348    800    800 
  163.66350   54.30523    600    600 
  181.18079   31.17722    600    600 
  184.39175   22.53982    800    800 
  184.84692    5.82471    600    600 
  188.53540    2.65381    800    800 
  188.58462    8.19776    800    800 
  188.61304    2.18788   1000   1000 
  188.99037   27.95976   1400   1400 
  189.08668   25.98739   1800   1800 
  189.20756   13.16287   1200   1200 
  189.43166   11.81809    800    800 
  189.35431   74.19189   1000   1000 
  189.91455   -5.34421    800    800 
  189.99789  -11.62307   1200   1200 
  189.96629   15.29780    800    800 
  190.15353   -5.13301    800    800 
  189.99742   61.60919    800    800 
  190.46959   41.27372    800    800 
  190.53337   32.54151   1600   1600 
  190.65555   14.35713    800    800 
  190.70778    2.68778   1200   1200 
  190.71846   13.25723    600    600 
  190.88559   11.58247   1200   1200 
  190.98599   13.12635    800    800 
  191.28615   -0.46191    800    800 
  191.54179   30.73210   1200   1200 
  192.20532  -41.31109    800    800 
  192.14961   -5.80085    800    800 
  192.41232   15.16549    800    800 
  192.61089   25.50076   1000   1200 
  192.75456   -6.39305    800    800 
  192.53069   72.87448    600    600 
  193.09213   -1.19969    800    800 
  193.07318   11.31366    800    800 
  347.63321   67.66085    800    800 
   56.91759    1.08731    600    600 
  121.12714   64.99789    600    600 
  204.32806   24.38416    400    600 
  167.16357  -77.73101   1000   1000 
  233.73863   23.50291    800    800 
  180.47154  -18.87720    800    800 
   37.04644   19.59912    800    800 
   37.05314   19.58332    800    800 
  189.14288   11.23863    800    800 
  189.13626   11.25787    800    800 
  144.72279   -4.84870    800    800 
  144.73235   -4.83707    800    800 
  144.72337   -4.86016    800    800 
  144.73039   -4.85791    800    800 
  144.72900   -4.86592    800    800 
  289.59448  -60.50109    800    800 
  289.65552  -60.49646    800    800 
  289.66464  -60.54601    800    800 
  187.50944   13.63645    800    800 
  201.36565  -43.01871   1200   1600 
  213.29128  -65.33902   1200   1200 
  124.77074   70.72003   1200   1200 
  112.53391  -22.01836   1400   1400 
   50.68454  -37.10379    800    600 
   51.10652  -21.54404    800    800 
   50.98499  -36.46466   1200   1200 
   51.57217  -21.33537    800    800 
   52.02483   -8.38862    800    800 
  179.03102  -19.89618    800    800 
  179.63091   43.94702    800    800 
  179.85495   50.96169    800    800 
  180.36204   61.89570    600    600 
  180.79036   44.53126    800    800 
  181.04663   18.44345    800    800 
  181.39246   50.53903    600    600 
  181.50484   47.47836    800   1000 
  181.53584   49.58231    800    800 
  181.59631   52.71095    800    800 
  181.76303   43.06539    800    800 
  182.04018   10.37872    800    800 
  182.02507   65.17413    800    800 
  182.49417   46.45718    800    800 
  182.50635   39.88386    800    800 
  182.63608   39.40576    800    800 
  182.76819   50.48468    800    800 
  183.32025   43.69827    800    800 
   75.52087  -69.56828    800    800 
   81.69839  -63.76002    600    600 
   83.20146  -14.06280    800    800 
   85.51990   69.37838    800    800 
   83.34065  -21.94577    800    800 
   86.75787  -34.25060    800    800 
   94.65713   78.35702    800    800 
   94.09206  -21.37272   1000   1000 
   95.41574  -27.23374   1200   1200 
  101.20464  -27.63861    800    800 
  101.46997  -18.21080    600    600 
  101.92880  -26.75436    800    800 
   28.25218  -13.73868    800    800 
   29.83159   19.00754   1000   1000 
   30.32055   28.83726    800    800 
   31.71457   44.57291   1200   1200 
   33.51505   27.87717   1000   1000 
   33.86517    6.00262    800    800 
   35.63711   42.34832   1000   1200 
   35.76904  -21.23385    800    800 
   36.82047   33.57888   1200   1200 
   36.90609   -1.15628    800    800 
   38.65784   -8.78806    800    800 
   38.39312  -39.04506    600    600 
  169.22774   18.05181   1000   1000 
  169.58914   45.74829    800    800 
  169.01950  -76.21632    800    800 
  169.56792  -32.81260   1600   1600 
  170.06261   12.99129   1200   1200 
  170.07091   13.58949   1800   1200 
  170.07079    2.96417    800    800 
  170.26227   53.16943    800    800 
  170.57506   59.07424    800    800 
  171.30370  -26.73688    600    600 
  171.53577   43.58592   1000   1200 
  171.88287   56.87671    800    800 
  172.13052   58.56161    800    800 
  172.53107    9.27663    800    800 
  172.88330  -30.30774    800    800 
  173.14558   53.06783    800   1200 
  173.33823   47.02909    800    800 
  137.90626   60.03721    800    800 
  137.58397    7.03777    600    600 
  138.08124  -24.17260    800    800 
  139.34564   41.99971    800    800 
  140.08502   64.10277    800    800 
  138.46037  -69.64500   1000   1000 
  139.47044  -22.35468    800    800 
  140.51106   50.97648   1200   1200 
  143.04213   21.50083   1200   1200 
  141.54805  -76.62632   1200   1200 
   83.63414   22.01552   1200   1200 
  323.36304   -0.82292   1200   1200 
  205.54585   28.37598   1200   1200 
  245.89781  -26.52533   1600   2000 
  229.63924    2.08316   1200   1200 
  259.80023  -18.51625   1200   1200 
  250.42348   36.46132   1600   1600 
  264.40091   -3.24594   1200   1200 
  322.49332   12.16678   1200   1200 
  299.90036   22.71980    800   1400 
   10.68471   41.26875   5100   5100 
   10.67427   40.86517   1201   1201 
   23.46210   30.65994   3600   3900 
  187.44499    8.00041   1200   1400 
  202.46957   47.19526   1000   1800 
  202.49829   47.26613   1000   1800 
  283.39642   33.02934    600    600 
  190.50967   11.64693    800    800 
  190.91670   11.55261   1200   1200 
  185.47896    4.47359    800    800 
  313.00680  -69.19331    800    800 
  315.63031  -16.81830    800    800 
  330.67325  -51.29659    600    600 
  333.73303  -66.84941    800    800 
  335.23932  -46.03585    800   1000 
  344.30655  -43.39614    800    800 
  352.18094  -41.33348    800    800 
  353.31857  -45.01596    400    800 
  353.61453  -36.10108   1000   1000 
  208.76816  -26.78068   1000   1000 
  228.55595  -46.80920   1600   1600 
   50.67412  -37.20820   1600   1600 
  238.34666   11.95897    600    600 
  237.85513   62.31003    800    800 
  244.33398   34.90148    600    600 
  245.24234   65.39055    800    800 
  247.49197   40.62862    600    600 
  252.77838  -58.99346    600    600 
  253.19304  -59.21694    800    800 
  259.24780  -62.82055    800    800 
  258.43622  -37.10322    800    800 
  263.10126    7.06027   1000   1000 
  267.71576  -34.59900   1800   1800 
  267.36047   70.14434    800    800 
  273.23084   68.36332    600    600 
  287.44208  -63.85754   1400   1799 
  287.84848  -57.04957    800    800 
  296.23416  -14.79758   2000   2000 
  304.23535  -70.76825    600    600 
  306.11725  -43.65353    800    800 
   68.20453   71.88311   1200   1200 
   65.00175  -54.93781   1200   1200 
   67.70494   64.84792    800    800 
   65.49509  -56.97475    600    600 
   67.91473  -54.60227    600    600 
   70.36762   -2.85804    600    600 
   71.42730  -59.24741    800    800 
   73.55625  -53.36106   1200   1200 
   74.99084  -26.02221    800    800 
   76.31023  -37.98075    800    800 
   76.92643  -37.51305    800    800 
  213.31209   -3.20756    800    800 
  213.89261   36.22698    800    800 
  214.61380  -43.38826    600    600 
  215.14217  -29.24186    600    600 
  215.08311    3.93359    800    800 
  214.95085   56.72905    800    800 
  218.16991  -44.17461    800    800 
  220.04803   -0.28921   1200   1200 
  220.59970  -17.25317    600    600 
  221.23335    1.95474    800   1200 
  222.82455   58.97773    600    600 
  224.59462   -1.09108    800    800 
  225.29694    1.70197    800    800 
  226.62205    1.60537    800    800 
  226.78198    1.54428    800    800 
  227.31714  -11.32182    600    600 
  226.62317   55.76331    800    800 
  228.97369   56.32885   1600   1600 
  216.33813   39.53931    800    800 
  231.67284   40.56440    600    600 
    5.07223   59.30379   1200   1200 
   56.70214   68.09611   2200   2800 
   61.94545   69.81243   1200   1200 
  146.58806    3.07120    600    600 
  182.55913  -29.73681    800    800 
  212.51837   17.73379    800    800 
  344.29453  -36.46248    800    800 
   16.20165    2.11961   1200   1200 
   26.87454   27.33335    800    800 
  193.18372   15.84840    600    600 
  193.23354   11.23080    800   1200 
  194.18207   21.68266   1200   1200 
  194.35147   27.49772    800    800 
   52.08195  -31.06818    800    800 
   52.78383  -33.62864    800    800 
   53.01260  -20.81916    600    600 
   53.40191  -36.14066   1400   1400 
   53.75563  -24.93311    800    800 
   54.16282  -20.90226    800    800 
   54.11496  -34.97630    800    800 
   54.62412  -23.02769   1000   1000 
   54.71721  -26.33784   1000   1000 
   54.62118  -35.45074   1200   1200 
   54.71632  -35.59439    800    800 
   55.04960  -18.58038    800    800 
   55.29394   -1.30281    600    600 
   55.62212  -13.48817    600    600 
   55.54806  -29.89351    800    800 
   55.59560  -35.15353    600    600 
   55.50647  -47.22208    800    800 
   56.13298  -44.64483    800    800 
  113.08536   85.70886    800   1000 
  103.47482  -40.86261    800    800 
  111.76688   80.17807   1000   1200 
  112.19324   69.19124    800   1000 
  110.97812  -27.52906    800    800 
  114.21415   65.60255   1400   1400 
  114.11740  -47.63555    800    800 
  115.48063  -18.20819    600    600 
  114.09934  -69.53082   1600   1600 
  123.31101   45.98979    800    800 
  123.66697   49.06144    800    800 
  173.95497   54.52357    600    600 
  174.55403   12.11192    800    800 
  176.53242   47.49450    800    800 
  176.52693  -56.39111    600    600 
  177.31404   56.08435    800    800 
  177.68953   51.82421    800    800 
  198.95554   42.02929   1400   1400 
  169.73315   13.09221   1000   1600 
  148.88826   69.06526   1999   1999 
  148.96846   69.67970   1400   1400 
  204.25383  -29.86576   1800   2400 
  306.27789  -24.80943    800    800 
  308.58569  -31.98089    800    800 
  308.20926    9.92643    800    800 
  308.71805   60.15368   1400   1200 
  319.75104  -48.56201    800    800 
  230.48567    5.07054    800    800 
  234.10945  -66.85975    800    800 
  233.51024   56.68560    800    800 
  234.90454   59.33195    800    800 
  234.98912   58.07939    600    600 
