-819.229614258 488.090698242 885265.0 -34.8676834106 -0.641015342705 -0.00201423844553 -0.982023981799
-1367.84313965 441.677612305 450183.0 -34.1334724426 0.566344078338 0.787147628391 -1.09051310591
-716.98248291 -40.6511993408 395441.0 -33.9927024841 -0.255757006113 -0.00229916380086 -0.122066089934
-1518.28295898 431.414886475 382045.0 -33.9552879333 0.855849963474 1.25350855414 -0.911139306188
-754.893310547 -209.584396362 295314.0 -33.6757087708 -0.726171405988 0.131002576244 -0.83851339356
-1413.70263672 390.866210938 201530.0 -33.260848999 1.03843154468 0.992795825411 -1.01416788576
-1174.58520508 -781.915283203 182869.0 -33.1553497314 0.260512800517 1.0797684972 0.687324317169
298.232788086 -1344.50305176 149969.0 -32.9400024414 2.33518804366 -1.82315457391 -2.09925392311
-1381.06604004 539.975097656 139523.0 -32.8616142273 0.311785345914 0.234100155815 -1.02177007964
237.95199585 550.064819336 136607.0 -32.838684082 0.661319372571 0.285775654206 0.921003368516
304.056488037 -1341.09472656 134084.0 -32.8184432983 1.95492165283 -1.59835375088 -2.02559896327
-1493.93603516 347.068908691 133089.0 -32.8103561401 -0.314766359125 0.495871664279 -0.566636980518
42.6748008728 -742.752319336 114543.0 -32.6474227905 4.18710858896 -2.97555661617 2.18807921905
474.202209473 -1393.1472168 102523.0 -32.527053833 1.76984141429 -1.65489587962 -1.88201331202
26.5802001953 -747.311584473 99600.0 -32.4956474304 0.168012841421 0.203211794392 -0.263300372413
-1451.40649414 -1403.15844727 95693.0 -32.4522018433 2.60203660832 0.430577389112 3.39716117425
-533.977172852 -333.468994141 94071.0 -32.4336395264 -0.929200755505 -0.112628866001 0.0474696613108
387.750305176 509.591705322 93656.0 -32.4288406372 0.598062786173 0.813273525288 0.756615398685
-1359.04431152 -1309.4095459 92238.0 -32.412273407 1.95358511023 -0.0907300967787 2.78463537444
-811.920471191 501.305297852 90008.0 -32.3857040405 4.55682321751 -1.50481824851 -2.35385217076
450.908813477 -824.690124512 89821.0 -32.3834457397 -1.73874415998 -1.1246893546 1.69246909019
-1045.79052734 -1293.81262207 89082.0 -32.3744735718 0.782021684697 -0.973587412995 2.61682875667
317.686798096 479.230194092 83975.0 -32.3103752136 -0.0691178632728 0.756609317556 0.519274310736
-137.764297485 -329.660186768 75223.0 -32.1908760071 -0.365914684882 -0.439052436047 0.0350469716934
-325.888885498 -68.9695968628 74107.0 -32.1746482849 3.62599574215 2.06251882797 3.26569522041
-1382.08886719 -1255.05078125 72508.0 -32.1509666443 0.961863925653 -0.724548213305 3.0838659899
-1181.74694824 -778.268493652 54910.0 -31.8491287231 -0.233975524648 1.07774322977 0.727566654431
-1404.03137207 526.379394531 51857.0 -31.7870178223 0.494010459585 1.04306147162 -2.12379228062
-975.022888184 557.524475098 47442.0 -31.6904067993 -0.605055039178 0.0114360679185 -0.600720296736
-323.319610596 -57.0796012878 47168.0 -31.6841182709 7.92671978346 4.03177169662 1.64087501685
300.842590332 -1343.15625 42781.0 -31.5781269073 26.2546957414 1.96788988608 5.60408927259
-1490.39038086 12.1845998764 32362.0 -31.2750892639 0.0465798685988 2.96734273574 1.61694842036
-317.876403809 -68.8171005249 31060.0 -31.2305030823 -0.254806651072 -1.06140543226 -2.25597620957
-275.710205078 -59.4712982178 30423.0 -31.2080059052 -2.15124315705 -0.16935066793 -1.64761741408
-497.494995117 -501.969085693 21051.0 -30.8081817627 -4.00390356014 -0.144708134569 0.66713112358
277.361602783 511.663909912 19481.0 -30.7240276337 -4.37454872533 -0.153099734695 2.05281294829
-1197.25170898 -1153.46154785 18168.0 -30.648267746 -1.20124799829 -4.8276506627 -1.25285173664
-666.222229004 -1344.5378418 17787.0 -30.6252574921 1.85485758487 0.196963401556 1.57714857338
-128.992996216 -576.81829834 16189.0 -30.5230503082 -4.54286974735 -0.726179499756 0.685450629292
-349.43560791 14.0713996887 15829.0 -30.4986343384 -4.37190358613 -0.153649160535 3.73452396813
-269.70111084 84.0948028564 14196.0 -30.3804149628 -1.66734082934 -6.11434341471 2.44219180706
-153.034805298 -192.685394287 13970.0 -30.362991333 -4.76989076254 -0.0368795835717 2.45403055532
7.64739990234 -542.673095703 13678.0 -30.340057373 0.5269081653 6.15839129764 0.178687392903
-297.047607422 -1028.41638184 13384.0 -30.3164653778 0.244239573933 1.85229448543 -3.230185099
