-819.229614258 488.090698242 885265.0 -34.8676834106 -0.641015342705 -0.00201423844553 -0.982023981799
-716.98248291 -40.6511993408 395441.0 -33.9927024841 -0.255757006113 -0.00229916380086 -0.122066089934
-754.893310547 -209.584396362 295314.0 -33.6757087708 -0.726171405988 0.131002576244 -0.83851339356
237.95199585 550.064819336 136607.0 -32.838684082 0.661319372571 0.285775654206 0.921003368516
-1493.93603516 347.068908691 133089.0 -32.8103561401 -0.314766359125 0.495871664279 -0.566636980518
26.5802001953 -747.311584473 99600.0 -32.4956474304 0.168012841421 0.203211794392 -0.263300372413
-533.977172852 -333.468994141 94071.0 -32.4336395264 -0.929200755505 -0.112628866001 0.0474696613108
387.750305176 509.591705322 93656.0 -32.4288406372 0.598062786173 0.813273525288 0.756615398685
317.686798096 479.230194092 83975.0 -32.3103752136 -0.0691178632728 0.756609317556 0.519274310736
-137.764297485 -329.660186768 75223.0 -32.1908760071 -0.365914684882 -0.439052436047 0.0350469716934
-975.022888184 557.524475098 47442.0 -31.6904067993 -0.605055039178 0.0114360679185 -0.600720296736
