2662.64 187.761 -817.8133 496.453 2792400.0 -36.1149440733 8.3562 0.040978 -0.0342256 -817.0822 494.4708 1690440.9 -35.5699999797
2725.89 789.165 -844.6261 197.2168 2770900.0 -36.1065521316 8.27821 -0.00190796 -0.0301189 -844.1437 196.9192 1770109.0 -35.6200000256
1830.78 680.635 -400.7894 257.9368 2715020.0 -36.0844325828 8.25669 0.0211835 -0.0166124 -401.0314 257.5322 1577611.3 -35.4950000209
979.465 2697.27 37.5748 -737.3796 2674370.0 -36.0680537297 8.4515 -0.0253505 0.0213591 36.6042 -737.0994 1230268.8 -35.2250000258
1007.39 1397.7 13.7446 -92.0137 2496020.0 -35.9931201523 7.92116 0.0143266 -0.026871 13.7701 -92.3191 1419057.5 -35.3799999834
1956.88 2054.26 -452.9075 -425.3882 2392480.0 -35.9471207899 7.68438 0.0339787 -0.0214982 -453.0093 -425.4291 1472312.5 -35.4199999982
3010.61 802.69 -985.9643 188.3331 2390520.0 -35.9462309538 7.84733 0.0338439 -0.0251291 -985.6209 187.5368 1393156.8 -35.3599999977
2066.89 1764.09 -509.7811 -282.0789 2382980.0 -35.9428009935 7.58887 -0.00030987 -0.0190481 -509.5231 -281.8722 1202264.4 -35.1999999687
1937.7 1957.76 -444.1188 -377.3047 2328250.0 -35.9175740291 7.57321 0.0106626 -0.0222987 -443.9168 -377.387 981747.9 -34.9799999524
1877.07 1580.51 -416.89 -189.4398 2251990.0 -35.8814161442 7.49157 0.0642474 -0.0179453 -416.8844 -189.0112 1380384.3 -35.3500000278
3960.37 1059.81 -1455.8111 53.3836 2091670.0 -35.8012329188 7.61078 0.137748 -0.0360944 -1452.9099 51.921 751622.9 -34.6900000086
624.517 1282.91 203.0667 -32.0789 2082040.0 -35.7962226722 7.47149 0.0453504 -0.0233316 202.1728 -32.629 765596.6 -34.7099999902
3116.46 1577.47 -1032.6112 -197.3538 2077650.0 -35.7939309708 7.27284 0.0410961 -0.0256394 -1032.7482 -197.3678 1213388.9 -35.2100000443
1683.25 1329.61 -322.5275 -63.3282 2073740.0 -35.791885762 7.25707 0.0189051 -0.0247137 -322.2325 -63.0942 1241652.3 -35.2349999934
2422.93 1979.18 -685.0048 -391.635 2039430.0 -35.7737720087 7.19943 0.0181101 -0.0282781 -685.1805 -391.8033 1213388.9 -35.2100000443
3305.19 256.08 -1136.4926 457.6288 1949230.0 -35.7246577171 7.48082 0.0549495 -0.0552857 -1134.4817 454.7421 1164126.0 -35.1649999726
2228.56 2559.17 -584.0025 -678.2746 1895120.0 -35.6940917873 7.07655 0.0243318 -0.0209584 -584.1681 -678.7325 741310.2 -34.6749999395
2165.86 3589.42 -544.9606 -1189.5879 1885220.0 -35.6884050962 7.40014 -0.058899 -0.000207443 -544.9166 -1188.7523 619441.1 -34.4800000437
1075.52 268.247 -28.755 468.5387 1830500.0 -35.656424333 7.47362 0.0139439 -0.0195217 -30.1283 465.8007 981747.9 -34.9799999524
3551.78 2275.65 -1243.5176 -547.4939 1816770.0 -35.6482498746 7.27821 0.0758023 -0.00917119 -1242.8616 -547.596 625172.7 -34.4900000125
2581.3 1631.06 -766.3465 -219.9061 1767280.0 -35.6182634066 7.01072 0.0174038 -0.0254465 -766.6455 -219.8317 1037528.4 -35.0399999834
2091.72 1862.77 -521.3599 -331.2883 1733200.0 -35.5971217009 6.98065 -0.00134195 -0.0267184 -521.2705 -331.4451 1042317.4 -35.0449999694
3982.0 936.351 -1467.5024 114.549 1700660.0 -35.5765437428 7.86935 0.141419 -0.0498871 -1463.8788 112.5938 557185.7 -34.3649999047
2397.25 3895.36 -657.5651 -1343.327 1669680.0 -35.5565831127 7.95938 -0.0959722 0.0320188 -657.2029 -1340.7259 963829.0 -34.9599999734
17.2078 2073.73 510.8223 -420.3112 1623340.0 -35.5260237251 8.17197 0.113164 -0.0529454 507.6363 -420.2118 946237.2 -34.9400000443
3143.68 2551.65 -1038.6689 -681.4973 1583460.0 -35.4990177427 7.00406 0.0542849 -0.0110964 -1038.6902 -681.6129 1032761.4 -35.0349999939
1805.83 1523.47 -381.9368 -160.5628 1581350.0 -35.4975700073 6.89711 0.0164921 -0.0292033 -381.7572 -160.3244 981747.9 -34.9799999524
2487.68 2176.85 -715.6564 -490.3225 1529680.0 -35.4615014712 6.85908 0.0286124 -0.0255393 -716.0068 -490.5541 954992.6 -34.9500000159
1968.68 1178.59 -465.4792 9.5226 1499530.0 -35.439887897 6.98253 0.0220429 -0.0277789 -465.5138 9.7585 972747.2 -34.9699999735
682.519 1561.42 176.3868 -170.8734 1469580.0 -35.4179830822 7.33277 0.0582619 -0.025772 175.7525 -171.1366 527229.9 -34.3050000794
2060.08 1270.78 -510.178 -36.969 1341750.0 -35.3191790099 6.92473 0.0255619 -0.0264182 -510.1709 -36.7221 879022.5 -34.8599999792
553.256 1842.37 242.7542 -309.4561 1339230.0 -35.3171379234 7.45479 0.0608438 -0.0335048 241.8925 -309.4233 801678.1 -34.7600000496
1669.67 3264.1 -300.9585 -1024.208 1327170.0 -35.3073163903 7.18152 -0.0271026 -0.0292028 -301.0451 -1024.1014 891250.9 -34.8749999535
1374.23 1208.98 -169.9384 -1.054 1308690.0 -35.2920919597 7.19093 0.0255602 -0.0259975 -169.8582 -1.0361 916220.5 -34.9050000117
1899.16 1719.63 -426.7977 -258.7175 1178550.0 -35.1783700305 7.12555 0.00979316 -0.0299545 -426.6605 -258.5633 812830.5 -34.7749999784
2915.37 1784.5 -931.1284 -298.6696 1142170.0 -35.1443268722 7.10975 0.0302311 -0.0279896 -931.494 -298.6399 755092.2 -34.6949999602
2742.56 1125.75 -850.3283 29.8871 990096.0 -34.9891932649 7.35077 0.0288522 -0.0255191 -850.4443 29.9261 812830.5 -34.7749999784
1425.45 3024.52 -181.4719 -903.3365 977781.0 -34.9756039848 7.41452 -0.00334324 -0.0306758 -181.629 -903.3272 744732.0 -34.680000038
855.996 999.915 85.9053 106.7424 964676.0 -34.9609536848 7.70237 0.03357 -0.0126864 85.151 106.0492 783429.6 -34.7349999407
1500.66 2612.45 -221.9918 -699.2073 953844.0 -34.9486933805 7.39323 0.0244788 -0.0341559 -221.7148 -699.3211 338844.2 -33.8250001405
1981.67 1701.5 -467.9256 -250.3385 953692.0 -34.948520349 7.37478 0.0197186 -0.0289055 -469.4937 -253.4326 1096478.2 -35.1000000038
1730.24 2724.57 -335.1823 -756.65 944725.0 -34.9382635203 7.31507 0.00655815 -0.0282041 -335.1335 -757.0266 765596.6 -34.7099999902
2884.19 2985.13 -906.4393 -894.8611 943229.0 -34.9365428622 7.42791 0.015924 0.00597249 -906.4043 -894.9307 711213.5 -34.6299999792
1562.39 1991.87 -257.4128 -391.3955 920372.0 -34.9099084947 7.41455 0.0272063 -0.0245206 -257.1759 -391.4952 721107.5 -34.6450000313
3640.2 2625.72 -1284.7601 -722.068 903190.0 -34.8894478012 7.91795 0.0836998 0.0187053 -1283.5877 -721.7322 660693.4 -34.5499999211
1972.23 478.867 -472.6043 357.0921 897795.0 -34.882942956 7.59057 0.0172966 -0.0266942 -472.6375 356.2772 779830.1 -34.7299999853
1518.33 2284.63 -233.2817 -536.4928 847673.0 -34.8205708757 7.50435 0.0211753 -0.0268782 -233.0933 -536.7023 628058.4 -34.4950000712
2476.59 1293.78 -716.9136 -51.5616 836030.0 -34.8055546547 7.58489 0.0302236 -0.0239435 -716.6286 -49.4734 827942.2 -34.7950000476
1335.08 2996.7 -136.7915 -888.8294 787496.0 -34.7406208913 7.64706 -0.00634784 -0.0285077 -136.8521 -888.8037 628058.4 -34.4950000712
308.431 2439.76 368.9546 -604.3558 761200.0 -34.703746949 8.52741 0.0631525 -0.0529479 366.91 -603.982 645654.2 -34.5249999512
375.097 1725.45 330.3633 -250.0199 758531.0 -34.6999333361 8.19117 0.0577836 -0.0265421 328.8773 -250.2753 613762.0 -34.4699999909
1648.41 3164.86 -291.1575 -974.7476 742816.0 -34.6772031243 7.77581 -0.000357934 -0.0204909 -290.9077 -975.0199 467735.1 -34.1749999042
2046.57 2308.63 -495.5142 -552.4318 720037.0 -34.6433870344 7.65446 0.025765 -0.0257995 -495.6079 -552.719 633869.7 -34.5049999807
1988.37 1714.39 -471.1552 -256.7928 705441.0 -34.6211517428 7.75764 0.00903791 -0.0263245 -469.4937 -253.4326 1096478.2 -35.1000000038
2050.63 1827.7 -501.2162 -313.5544 703541.0 -34.6182235293 7.68068 0.0386721 -0.0225753 -501.367 -313.3402 554625.7 -34.3599999746
659.646 3766.44 204.6453 -1266.0719 701518.0 -34.6150970473 9.3517 -0.0742943 -0.0858032 201.9805 -1263.0192 628058.4 -34.4950000712
826.039 1899.43 107.6796 -339.8756 691570.0 -34.5995903638 7.9176 0.0235263 -0.0252091 107.4979 -339.8819 532108.3 -34.3150000831
3334.9 2310.53 -1135.5098 -563.1719 690737.0 -34.5982818001 7.88241 0.0345096 -0.00356107 -1135.2854 -563.1236 575439.9 -34.3999999296
1397.46 2259.53 -173.4288 -523.105 661201.0 -34.5508337543 7.937 0.0220362 -0.0284002 -173.1774 -523.2464 496592.3 -34.2399999531
3943.21 549.67 -1451.1954 306.9327 607874.0 -34.4595339203 8.78989 0.0886611 -0.0439262 -1447.2042 303.7571 639734.8 -34.5149999398
2574.49 2199.88 -758.6049 -502.423 597984.0 -34.4417239098 7.96075 0.0296541 -0.0177 -759.0385 -502.5996 552077.4 -34.3549999227
2254.56 2871.55 -594.5251 -833.6511 568458.0 -34.3867459569 8.16224 0.0171422 -0.0222338 -594.8058 -833.8358 332659.6 -33.8050001524
3342.16 403.026 -1153.7324 384.3503 559246.0 -34.3690072162 8.60846 0.0407762 -0.0374961 -1151.8293 381.9222 418793.6 -34.0550000904
2187.21 2360.63 -564.9822 -579.3328 547921.0 -34.3467948646 8.10097 0.00979324 -0.0214248 -565.067 -579.647 343557.9 -33.8399998486
717.09 1665.66 160.0116 -222.9189 526987.0 -34.3044997548 8.54358 0.0299931 -0.0201758 159.5999 -223.0953 501187.2 -34.2499999272
1223.02 1338.54 -93.8283 -64.2648 521299.0 -34.2927172296 8.39661 0.0130342 -0.0175423 -93.8325 -64.2512 564937.0 -34.3800000484
2203.97 2941.6 -568.8565 -868.0647 512031.0 -34.2732406384 8.28098 -0.000927818 -0.0107023 -568.9051 -868.2385 512861.4 -34.2750000339
2287.29 2625.59 -612.6692 -711.7162 510771.0 -34.2705655785 8.27082 0.00862219 -0.0203792 -613.0152 -712.171 467735.1 -34.1749999042
446.251 676.442 286.9778 270.5474 491560.0 -34.2289413389 9.12883 0.0384734 -0.00537572 284.3453 268.5315 414954.0 -34.0449998884
1615.11 2378.78 -280.6381 -583.9989 477165.0 -34.1966714518 8.4484 0.010639 -0.0193358 -280.5885 -584.2483 492039.5 -34.2299999213
1608.03 1995.77 -280.0557 -393.6799 447356.0 -34.1266331663 8.62017 0.0111902 -0.0164704 -279.9283 -393.6482 496592.3 -34.2399999531
1541.34 2866.84 -240.2513 -825.8881 445013.0 -34.1209317451 8.71613 0.0126602 -0.0167684 -239.8236 -826.3232 420726.6 -34.0599999268
786.359 1285.77 122.6896 -34.7303 441353.0 -34.1119652074 9.02316 0.0359954 -0.0147661 121.952 -35.1427 331131.1 -33.7999999296
256.955 1669.9 388.6276 -221.5264 440331.0 -34.1094481539 9.26706 0.0519947 -0.0176826 386.7684 -221.9254 420726.6 -34.0599999268
1979.85 4008.39 -449.3451 -1396.3023 439761.0 -34.1080417788 9.62035 -0.0895582 -0.00478405 -449.5989 -1393.7391 465586.1 -34.1700000151
1847.49 1717.84 -401.1431 -257.4354 439715.0 -34.1079282024 8.78976 0.0242438 -0.0181862 -401.1605 -257.2582 469894.1 -34.1799999801
3910.08 1183.81 -1429.8782 -7.8326 437486.0 -34.1024103993 9.21533 0.0783498 -0.0214232 -1427.6824 -8.8319 438530.7 -34.1050000055
2086.14 2715.61 -512.0531 -754.9052 435614.0 -34.0977545723 8.64505 0.00371362 -0.0160058 -512.13 -755.2133 467735.1 -34.1749999042
1807.16 1767.86 -380.7249 -281.9768 433540.0 -34.0925729332 8.70707 0.013705 -0.0161934 -380.6203 -281.9643 200447.2 -33.2549999852
1483.05 1220.56 -223.9088 -7.6339 433275.0 -34.0919090773 8.82456 0.00513462 -0.0170392 -223.7601 -7.4612 463446.9 -34.1649999538
3557.41 2275.94 -1246.3122 -547.6808 423287.0 -34.0665873265 10.7718 0.225669 -0.00371617 -1242.8616 -547.596 625172.7 -34.4900000125
2845.7 100.373 -909.4225 538.4722 409866.0 -34.0316047334 9.39247 0.00429999 -0.0415026 -908.1299 535.3333 522396.2 -34.2950000229
3413.27 1576.67 -1180.0651 -199.2133 408379.0 -34.0276585034 9.07434 0.0317461 -0.0204416 -1179.6244 -199.2566 314774.8 -33.7449998917
3223.69 461.165 -1094.434 356.3699 402354.0 -34.0115208081 10.1779 0.069018 -0.0687139 -1093.3545 355.1336 394457.3 -33.9899999943
61.0456 1833.92 487.2073 -301.5158 400379.0 -34.0061782263 9.7012 0.0590114 -0.0227732 484.3448 -301.8161 332659.6 -33.8050001524
3774.17 389.655 -1368.4466 387.7076 395224.0 -33.9921082732 9.58812 0.0491956 -0.0363805 -1364.7241 384.4435 354813.4 -33.8750000329
1695.45 1526.08 -327.0828 -161.02 394000.0 -33.9887405546 8.44196 0.0334254 0.0291038 -327.6895 -161.5251 450816.7 -34.1349999891
3427.04 1061.69 -1190.8517 56.505 393819.0 -33.9882416627 9.20434 0.0279324 -0.020288 -1189.93 55.6989 487528.5 -34.220000022
3097.09 1094.84 -1026.6868 42.5462 393453.0 -33.9872321527 9.49751 0.0416152 0.00863468 -1026.1516 42.5865 279254.4 -33.6150000617
1541.14 698.601 -256.7659 251.2143 392157.0 -33.9836499289 9.18991 0.00337846 -0.0179303 -257.2261 250.945 405508.5 -34.0199999051
2204.38 2020.84 -576.1154 -410.6683 390897.0 -33.9801558435 8.97818 0.0146127 -0.0156838 -575.7987 -410.8198 210862.8 -33.3099999228
2251.28 2973.97 -592.1109 -884.5046 388831.0 -33.9744022057 8.98861 -0.00401341 -0.00459004 -592.2046 -884.9651 314774.8 -33.7449998917
1475.07 2200.67 -212.4345 -494.4556 388161.0 -33.9725297451 9.049 0.00402093 -0.0162801 -212.2366 -494.4901 381944.3 -33.9550000829
3223.17 3265.86 -1072.685 -1036.8949 380943.0 -33.9521499941 9.50082 0.0126857 0.0251869 -1071.8845 -1036.0217 252348.1 -33.5050000979
1712.23 2843.8 -325.3218 -815.7421 368336.0 -33.9156104188 9.16506 0.0072016 -0.0161454 -325.2966 -815.205 340408.2 -33.8300000328
2449.38 308.535 -710.9456 438.0785 360588.0 -33.8925281744 9.56714 0.00695186 -0.0292042 -711.7103 437.1693 399944.7 -34.0049998649
4081.21 1523.67 -1512.2871 -177.9637 359017.0 -33.8877875339 9.83224 0.0674911 -0.0135734 -1509.223 -178.0314 242102.9 -33.459999979
1689.96 2123.59 -319.7771 -457.7991 357856.0 -33.884270758 9.39719 -0.00542716 -0.0108557 -319.4745 -457.524 387257.6 -33.9699998741
3720.24 1966.08 -1329.5764 -394.9919 357528.0 -33.8832751487 9.55199 0.0526759 -0.00300765 -1328.8618 -395.1388 204173.8 -33.2750000294
2544.27 1523.51 -748.775 -166.1976 344921.0 -33.8442990914 9.18833 0.0171026 -0.0109869 -748.1886 -166.2048 430526.6 -34.0849999735
3838.16 3363.19 -1377.4509 -1089.9211 338335.0 -33.8233673173 10.3712 0.0376179 0.0477289 -1374.1744 -1087.7039 183653.8 -33.159999797
3069.16 581.784 -1016.7431 297.6258 333467.0 -33.8076321561 9.68097 0.0174777 -0.0200181 -1015.9565 296.4626 396278.0 -33.9949999061
1279.19 1728.96 -118.7406 -258.6381 331463.0 -33.8010876419 9.59411 0.014185 -0.0109035 -117.1749 -258.2824 356451.1 -33.8799998982
2071.27 2486.51 -506.4215 -640.9838 328859.0 -33.7925243296 9.11814 0.0243195 0.0016411 -506.5883 -641.0718 448745.4 -34.1300000244
3358.13 55.789 -1164.3266 556.7234 325339.0 -33.7808403186 10.0282 0.0204171 -0.0308486 -1161.4483 552.8378 156314.8 -32.9850002482
2398.69 248.356 -686.2252 468.3587 324945.0 -33.7795246469 9.91852 -0.0028584 -0.0283913 -685.6935 466.5081 242102.9 -33.459999979
915.086 1799.86 62.6804 -291.09 318523.0 -33.7578519937 9.7463 0.0127598 -0.011634 64.7983 -292.1001 297851.6 -33.6849998435
1135.03 2735.67 -39.4118 -757.6382 318380.0 -33.757364446 9.60946 0.0160055 -0.0158739 -39.2814 -757.6695 149279.4 -32.9349997021
2273.32 2151.58 -609.3613 -476.1393 315880.0 -33.7488053234 9.20929 0.0264685 0.00282072 -609.4852 -476.0496 222843.5 -33.3699999273
2327.1 2130.86 -636.2366 -466.2553 312484.0 -33.7370694631 9.60485 0.00676878 -0.0107042 -636.3188 -466.5777 219786.0 -33.3550000628
1575.19 3061.8 -255.5733 -922.9944 309225.0 -33.7256864955 9.81357 8.42432e-05 -0.0148424 -255.2982 -923.1951 208929.6 -33.299999932
1174.14 1260.92 -70.1407 -25.3344 302506.0 -33.7018349825 9.9458 0.0168519 -0.00880993 -70.1421 -25.4703 242102.9 -33.459999979
154.204 2883.95 448.9743 -823.8402 299762.0 -33.6919414442 10.7251 0.0270314 -0.0398423 445.6377 -822.6478 205116.2 -33.2799999053
2349.99 3930.23 -633.8203 -1360.2898 297766.0 -33.6846877673 10.3175 -0.0255262 0.00950616 -633.61 -1358.3284 151356.1 -32.9499998218
1116.86 3637.19 -23.4776 -1205.3418 296569.0 -33.680314382 10.501 -0.0379373 -0.0295829 -24.5247 -1203.7393 353183.2 -33.8700000929
1421.22 1825.61 -188.557 -307.7302 294521.0 -33.672790666 9.52369 0.028088 0.00606371 -188.398 -307.4377 383707.2 -33.9599998713
2329.33 1421.71 -642.7782 -113.9928 293416.0 -33.6687094807 9.51859 0.0307514 0.00649402 -642.9258 -113.7792 223872.1 -33.3749999328
2436.94 3502.07 -680.2956 -1148.2569 289222.0 -33.6530783125 10.1655 -0.0138376 0.00287081 -679.9811 -1147.723 181970.1 -33.1500000844
1515.07 1347.75 -238.8409 -71.0607 286254.0 -33.6418789101 9.7625 0.0237523 -0.000417439 -238.3005 -71.1228 211836.1 -33.3149999307
1460.08 741.918 -216.1654 230.3124 283811.0 -33.6325730598 10.179 0.00720098 -0.00897384 -216.0432 229.9497 187068.2 -33.1799999185
1934.09 1478.99 -445.994 -139.442 281801.0 -33.6248563248 10.0721 0.00609941 -0.00725787 -445.8588 -139.2973 194088.6 -33.2200000685
3832.3 595.918 -1395.7437 284.8018 280962.0 -33.6216189643 10.378 0.0655474 -0.0187355 -1392.5128 281.9443 144544.0 -32.9000001722
725.023 3884.07 173.069 -1325.0032 280819.0 -33.6210662212 11.1663 -0.047132 -0.0440291 170.3124 -1321.2863 121338.9 -32.7100001338
2260.46 389.588 -616.4738 399.2509 278193.0 -33.6108654948 9.60332 0.0298455 -0.00721554 -616.7498 398.0795 217771.0 -33.3450001135
757.889 4021.17 157.7925 -1393.3593 274438.0 -33.5961106142 11.172 -0.0598838 -0.0530207 154.8837 -1389.355 192309.2 -33.2100001531
3575.91 701.938 -1267.5632 234.0845 270860.0 -33.5818621853 10.3913 0.0384603 -0.0259446 -1264.4505 232.5659 254683.0 -33.5149998923
2452.18 1022.7 -706.8644 83.2865 266304.0 -33.5634442244 9.6994 0.0388915 0.000854332 -706.634 83.5103 155596.6 -32.9800002571
3634.97 2197.95 -1285.4397 -509.528 263916.0 -33.5536643007 10.3586 0.0496438 -0.00113232 -1284.3188 -509.7813 173780.1 -33.100000107
3165.15 3525.2 -1041.8749 -1165.2842 261891.0 -33.5453014349 10.8412 -0.00300253 0.022015 -1040.5091 -1163.9759 126473.6 -32.7549997017
575.218 2175.75 234.3985 -475.234 258725.0 -33.532095989 10.0113 0.051644 -0.00361079 233.3869 -475.0224 155596.6 -32.9800002571
3328.22 1650.67 -1137.2474 -235.327 258136.0 -33.5296214402 9.8655 0.0521414 0.000721203 -1137.1393 -235.253 139315.7 -32.8600001536
23.9734 2440.65 510.2728 -602.6349 255541.0 -33.5186514749 10.499 0.0644648 -0.0559384 506.5962 -601.8017 153461.7 -32.9650000122
689.068 3684.97 189.4049 -1225.8243 255487.0 -33.5184220168 11.349 -0.0163839 -0.033853 186.2422 -1222.9177 153461.7 -32.9650000122
223.987 903.662 399.1341 159.363 253726.0 -33.5109124321 10.1202 0.0551609 -0.00333279 395.8754 157.7731 139958.7 -32.8649997498
943.909 3595.11 62.1177 -1183.123 251967.0 -33.5033591629 10.9522 -0.0226903 -0.0355842 61.2294 -1181.83 157036.3 -32.9900001353
26.94 2230.82 507.1913 -498.4217 249990.0 -33.4948065914 10.5991 0.052776 -0.0399947 504.3041 -498.3611 152054.8 -32.9550003358
1207.91 1529.54 -84.8586 -159.0316 246806.0 -33.4808892836 9.60141 0.0437319 -0.028025 -84.336 -158.9608 143879.9 -32.8950003183
4052.38 2126.09 -1493.3491 -477.0045 245688.0 -33.4759598625 10.1967 0.0731154 0.000722507 -1490.6084 -476.6105 197697.0 -33.2400001976
1817.08 1292.68 -389.2939 -46.0004 245394.0 -33.4746598495 9.79716 0.0324616 -0.00964858 -388.893 -45.8957 124738.4 -32.7400004228
3454.07 39.7132 -1212.1103 563.9798 240357.0 -33.4521419369 10.2363 0.0424074 -0.0235736 -1209.0088 559.4008 178648.8 -33.1300002584
3285.24 793.631 -1122.463 190.745 239418.0 -33.4478919964 9.90803 0.0500592 0.015205 -1122.6347 189.4472 162929.6 -33.0299999782
1631.86 4041.02 -276.2224 -1409.8656 239186.0 -33.44683939 11.0235 -0.0778615 -0.0194566 -276.8836 -1406.9581 103276.1 -32.5349995734
1791.82 166.368 -385.3756 513.7018 235986.0 -33.4322155974 10.3866 -0.00774119 -0.0111409 -384.906 509.9354 183653.8 -33.159999797
2559.52 468.598 -764.434 357.7277 234479.0 -33.4252598832 9.28741 0.0113709 0.00405891 -761.5537 355.5215 283139.2 -33.6300000016
1580.16 4040.31 -250.5446 -1409.1198 227163.0 -33.3908439888 10.8731 -0.046044 -0.0329964 -252.2928 -1406.9548 178648.8 -33.1300002584
2954.32 2407.56 -945.7037 -608.4789 222766.0 -33.3696222668 9.1713 0.0270044 0.00704382 -945.8561 -608.5476 104231.7 -32.5449995527
2772.22 3218.49 -849.0273 -1009.9343 221801.0 -33.3649087496 9.45654 0.0287364 0.0401004 -848.8662 -1009.8562 137404.2 -32.8450000197
2054.62 52.3227 -516.8019 568.357 218867.0 -33.3504507128 10.1579 -0.0453829 0.0167951 -516.6486 565.747 146554.8 -32.9150001178
3293.37 3437.84 -1106.2408 -1122.862 218772.0 -33.3499793428 10.2908 0.0687112 0.0767848 -1104.7971 -1121.1097 118032.1 -32.6800003352
1512.4 199.463 -246.3131 499.3861 218626.0 -33.3492545224 9.65487 0.0377701 0.0292073 -247.0645 497.3963 120781.4 -32.7050001482
1329.42 2788.77 -135.573 -785.4944 217620.0 -33.3442470149 9.29764 -0.0164986 0.0126206 -135.3173 -785.6136 127057.4 -32.7599999101
1306.11 3363.75 -119.5874 -1070.946 214975.0 -33.3309698941 9.94915 -0.0386503 -0.0224646 -119.9325 -1070.2426 127643.9 -32.7650001626
2913.19 2393.42 -925.3796 -601.1419 210479.0 -33.3080219293 9.21414 0.0810725 0.0215598 -925.6954 -601.4384 133659.6 -32.8150003927
2958.06 63.6119 -965.5218 555.8793 207891.0 -33.2945892207 9.99014 0.0498453 -0.034889 -967.2904 554.1668 219786.0 -33.3550000628
3576.44 3254.66 -1248.2665 -1034.0173 206675.0 -33.2882198657 10.2745 0.0130629 0.0847148 -1246.4016 -1032.5511 127057.4 -32.7599999101
3493.48 1976.57 -1216.8473 -398.4787 206130.0 -33.2853530082 9.41647 0.0610058 0.0250893 -1216.8673 -398.0195 131220.0 -32.7950000836
903.44 1191.83 63.8069 11.0453 202092.0 -33.2638728048 9.65874 0.0231916 0.00747162 63.2655 10.5199 124738.4 -32.7400004228
3813.2 1379.1 -1380.2542 -104.1088 201745.0 -33.2620069502 9.9501 0.108769 -0.0265127 -1378.4921 -104.8393 138038.4 -32.8499997919
691.903 258.485 161.7415 476.3051 199556.0 -33.2501619753 9.88184 0.0616611 -0.00771112 159.2254 472.9648 131825.7 -32.8000002153
2896.85 2.09129 -935.5856 586.9059 197132.0 -33.2368928202 7.94333 0.351115 -0.00269144 -933.9403 584.2021 163681.7 -33.0350003174
974.368 2518.45 38.7367 -648.5097 195548.0 -33.2281334462 8.85589 0.024416 -0.00176987 38.078 -648.0195 98627.9 -32.4849994654
857.356 1380.31 88.1444 -82.2341 194650.0 -33.2231360201 9.33724 0.0811305 0.0391741 87.79 -82.571 131220.0 -32.7950000836
3852.05 1541.67 -1398.3083 -185.163 194566.0 -33.2226673763 9.80799 0.157856 -0.034025 -1396.0987 -185.8518 124165.2 -32.734999731
808.04 3755.2 130.8407 -1261.6166 194105.0 -33.2200918066 10.5149 -0.0640975 -0.0996489 129.0581 -1260.2632 156314.8 -32.9850002482
2650.5 245.105 -811.343 468.0589 192597.0 -33.2116237951 9.31584 -0.0148222 -0.0559573 -811.5774 466.6429 245470.9 -33.4750000373
1969.52 1846.57 -460.7782 -322.3116 189815.0 -33.1958263232 8.93035 0.0446319 0.00106302 -460.7825 -322.4307 134896.3 -32.8250000945
506.737 3685.89 279.9895 -1224.8949 189051.0 -33.1914474473 10.9288 -0.0611362 -0.10836 276.828 -1221.728 110662.4 -32.6100002119
1889.58 391.27 -432.217 401.2355 188956.0 -33.190901717 8.68817 0.0882581 0.0272406 -432.3894 399.996 139958.7 -32.8649997498
3072.9 3308.25 -997.7098 -1056.81 188491.0 -33.1882265463 9.5174 0.0704047 0.0838428 -997.0142 -1056.1437 118576.9 -32.6850002306
4066.08 1492.16 -1505.0124 -162.1957 188099.0 -33.1859662167 9.66329 0.148354 -0.0311284 -1502.2888 -163.3262 124738.4 -32.7400004228
630.471 2204.94 207.1739 -490.1546 187302.0 -33.1813560369 9.40327 0.0280124 -0.0480026 206.7139 -490.3995 108143.4 -32.5850000489
2872.24 2403.36 -904.9605 -605.7684 185518.0 -33.1709651342 8.74597 0.0843364 -0.0168656 -905.7877 -606.6095 108143.4 -32.5850000489
285.635 3136.01 385.614 -950.0537 184549.0 -33.1652792407 10.2319 -0.00707567 -0.0985311 383.0394 -948.6951 106659.6 -32.5699998766
1814.87 3752.97 -369.3443 -1268.1646 182551.0 -33.1534605408 9.6563 -0.147049 0.000708036 -369.6349 -1266.9028 114815.4 -32.6500003579
1851.44 918.351 -409.2313 139.6911 182284.0 -33.1518713752 8.90189 0.0874912 0.0198351 -409.1987 139.7005 149968.5 -32.9400001191
3032.98 1295.21 -993.3032 -56.5027 182223.0 -33.1515079808 8.27204 -0.0429621 -0.0457825 -993.2959 -56.6179 131825.7 -32.8000002153
2910.34 2799.02 -920.856 -802.6073 181928.0 -33.149748863 9.01126 -0.00945334 0.0252472 -920.6698 -802.4268 121338.9 -32.7100001338
2743.88 3342.49 -833.9985 -1071.3174 181217.0 -33.1454973412 9.15245 0.0343724 0.0543727 -833.6537 -1070.9401 86297.9 -32.340000569
3771.32 1993.49 -1354.7416 -408.9966 179804.0 -33.1369983725 9.2356 0.146572 0.00155267 -1353.3861 -409.1949 100461.6 -32.5050002267
1128.4 1459.88 -45.8937 -123.8225 178971.0 -33.1319566618 9.20887 0.0358043 -0.0381567 -45.602 -123.7296 127057.4 -32.7599999101
1687.39 21.6037 -334.6066 586.4094 176653.0 -33.117802543 8.96669 -0.00614676 0.0175431 -335.3216 583.564 126473.6 -32.7549997017
2840.59 1014.83 -899.8771 84.2426 176437.0 -33.1164741619 8.77842 -0.0116263 -0.0418868 -899.4854 84.2056 113240.0 -32.6349996517
3079.25 1407.86 -1015.4258 -112.8149 176134.0 -33.1146079951 8.96384 0.0253504 -0.0184462 -1015.3481 -112.8488 108642.6 -32.5900003761
1101.79 3534.26 -16.7798 -1154.0954 175246.0 -33.1091202849 9.51916 -0.0972239 -0.0890204 -17.5439 -1152.8892 105196.2 -32.5550001302
1229.8 3349.69 -81.7863 -1063.3813 174359.0 -33.1036109239 9.21588 -0.0211665 -0.0849799 -82.2994 -1062.8708 108143.4 -32.5850000489
1367.67 2540.43 -156.4775 -662.4192 173297.0 -33.0969776114 8.32248 0.0642462 0.0268867 -156.1455 -662.685 110153.9 -32.6049996949
1513.7 3457.1 -221.9977 -1118.8973 173090.0 -33.0956799448 8.84236 -0.0907538 -0.0712976 -222.305 -1118.3913 108642.6 -32.5900003761
334.492 2764.14 358.4937 -765.6939 172260.0 -33.0904611072 9.8491 0.032934 -0.0947749 356.357 -765.2502 78343.0 -32.2350004951
1521.31 1305.39 -242.2654 -50.0653 169999.0 -33.0761159167 9.0983 0.0944153 0.0403315 -242.6413 -50.5633 144544.0 -32.9000001722
1740.18 2570.64 -341.2997 -680.2589 167640.0 -33.0609441304 8.38431 0.0513055 -0.0382705 -341.035 -680.9176 110153.9 -32.6049996949
3990.3 3395.82 -1452.7802 -1107.2873 165844.0 -33.04924941 9.94672 0.0677649 0.135727 -1448.7621 -1104.4059 77268.1 -32.220000583
3748.86 1374.69 -1348.3255 -101.4289 165750.0 -33.0486338427 9.08965 0.193551 -0.0515071 -1346.7032 -102.1883 89536.5 -32.3800002843
3216.6 1032.75 -1086.5321 72.4815 164208.0 -33.0384857789 8.36451 0.0309198 -0.0454514 -1086.1705 71.856 125314.1 -32.7449998484
1729.39 10.0823 -355.5595 591.8135 161910.0 -33.023184182 8.49092 0.0601127 0.0323135 -355.9559 588.6506 123026.9 -32.7250002023
1696.05 1709.77 -325.9733 -252.275 160687.0 -33.0149518566 8.45593 0.0972927 -0.0447755 -325.6353 -252.6248 108143.4 -32.5850000489
2689.87 3523.88 -805.7778 -1161.0145 159562.0 -33.0073236781 8.7356 -0.0500224 0.0601915 -805.2236 -1160.0989 99083.2 -32.4900000604
4085.34 458.74 -1522.4987 351.0227 159268.0 -33.0053213162 9.41108 0.156208 -0.0805277 -1521.2029 351.5347 21281.4 -30.8200004867
1569.15 2827.6 -254.3673 -806.6066 157195.0 -32.9910968201 8.207 0.093274 -0.0290336 -253.5125 -807.4548 80537.8 -32.2649994052
2723.9 2648.45 -829.391 -726.3921 156419.0 -32.9857237627 7.99328 0.0746716 0.00743194 -829.2208 -726.8574 111173.2 -32.6150002663
2806.61 1341.17 -880.4961 -77.6126 156124.0 -32.9836741742 7.69189 0.00735522 -0.00761041 -880.7086 -77.4068 140604.8 -32.8700003675
2473.92 311.544 -723.1134 436.3972 155130.0 -32.9767394812 8.35835 0.0665507 -0.0378365 -721.6523 435.0059 158489.3 -32.9999998682
732.221 3834.14 169.1106 -1300.2546 154698.0 -32.9737117475 9.52344 -0.152932 -0.0937166 166.6251 -1297.326 101391.1 -32.5149995869
3742.8 2871.28 -1333.8476 -844.8333 153954.0 -32.9684774428 8.36922 0.0706712 0.0591825 -1332.2875 -844.1443 118032.1 -32.6800003352
970.876 3986.3 51.7187 -1377.6567 153917.0 -32.9682164748 9.64315 -0.0773812 -0.113233 49.5394 -1373.4897 96827.8 -32.4650001612
2278.6 1004.36 -620.7747 93.717 152736.0 -32.9598535317 7.78081 0.0437789 -0.0351605 -620.3815 93.698 99540.5 -32.4949995448
1033.17 124.312 -8.8195 540.3623 152323.0 -32.9569137114 8.72887 0.101761 0.0334951 -10.1831 537.0509 94189.0 -32.4350004651
226.452 1876.55 405.3642 -323.9505 151913.0 -32.9539873508 9.11881 0.197614 -0.0384143 403.3939 -324.2087 99083.2 -32.4900000604
231.01 3203.32 413.2661 -983.0754 151887.0 -32.9538015105 9.89584 0.100935 -0.152946 409.7378 -981.0503 85901.4 -32.3350006048
2758.33 816.421 -860.5326 183.4304 149723.0 -32.9382213012 8.42405 0.0901082 -0.0368195 -859.3941 183.7829 219786.0 -33.3550000628
516.362 2403.55 265.3822 -587.949 148737.0 -32.931047544 8.55622 0.0693495 -0.0817064 264.5304 -588.0362 87498.4 -32.3550002789
2809.52 585.351 -887.7331 297.8281 146632.0 -32.9155718955 7.89688 0.0440887 -0.0351393 -886.9085 297.0617 108642.6 -32.5900003761
1925.14 1560.51 -440.9232 -179.8701 146373.0 -32.9136524351 7.92337 0.0875664 -0.0195925 -440.7557 -179.9762 84333.5 -32.3150003119
1870.65 3303.75 -400.4965 -1045.4329 146213.0 -32.9124649702 7.89361 -0.0425895 0.0308488 -400.7457 -1045.4286 99540.5 -32.4949995448
1792.26 660.735 -381.8062 268.1152 144856.0 -32.9023412215 7.9436 0.00734957 -0.00522082 -382.7814 267.0857 243220.4 -33.4649999959
3180.7 3765.44 -1047.759 -1284.7448 144106.0 -32.8967051587 8.28164 0.0274288 0.09604 -1045.936 -1283.2093 120781.4 -32.7050001482
2172.13 1408.55 -564.786 -106.2601 143780.0 -32.8942461982 7.97452 0.0901656 -0.0432964 -564.6705 -106.1063 106169.6 -32.5650004528
3790.27 1760.95 -1365.9373 -293.6234 141718.0 -32.8785625368 8.31682 0.269292 -0.0176857 -1364.3568 -293.9513 89536.5 -32.3800002843
171.37 428.256 421.6301 395.9272 140333.0 -32.8678995238 8.83642 0.171523 0.0578486 417.7556 391.979 65463.6 -32.0399997113
957.587 356.395 30.5066 425.6468 139235.0 -32.8593710479 9.08085 0.149007 -0.079387 30.1556 422.9907 118576.9 -32.6850002306
2446.08 3025.2 -688.4901 -911.435 139064.0 -32.8580367929 7.50293 0.0693089 0.0381206 -688.6052 -911.4655 95060.5 -32.4450002357
301.201 2005.14 369.216 -388.3976 138325.0 -32.8522516972 8.23286 0.212718 -0.0764504 367.4165 -388.3919 75857.8 -32.2000006083
2078.05 2230.68 -511.7499 -513.9484 137444.0 -32.8453144646 7.58513 0.0157947 -0.0480288 -511.8028 -514.903 124165.2 -32.734999731
3915.13 3037.93 -1418.1799 -928.9292 133620.0 -32.8146786685 8.6927 0.270529 0.112502 -1415.352 -927.3409 85901.4 -32.3350006048
829.587 3581.38 118.8048 -1175.4331 133351.0 -32.812490692 8.56033 -0.0645539 -0.155725 117.1 -1173.5025 60534.1 -31.9550002246
80.1065 2856.07 485.5704 -809.427 133165.0 -32.8109752336 9.02475 0.113649 -0.174395 482.0955 -808.316 73790.4 -32.1699996614
1125.5 2026.5 -40.1114 -405.2763 131852.0 -32.8002168045 7.47474 0.091119 -0.0108473 -39.7459 -405.5695 87902.3 -32.3600005968
1182.48 3647.14 -55.9997 -1210.7836 131740.0 -32.7992941478 8.14275 -0.121487 -0.0906389 -57.1731 -1208.9499 82413.8 -32.2899998485
100.65 2144.96 469.9161 -456.3301 130900.0 -32.7923491164 8.39103 0.19533 -0.0881997 467.2068 -456.3623 66374.3 -32.0549998848
2363.78 2554.1 -651.2153 -676.7842 130515.0 -32.7891510693 7.03902 0.0672702 -0.00365777 -651.3429 -677.3128 76913.0 -32.2149993785
1819.52 327.565 -397.9011 433.4145 129768.0 -32.7829190282 7.43926 0.0269922 -0.0179575 -397.8203 431.9529 99540.5 -32.4949995448
1526.45 327.81 -252.3094 435.5212 129323.0 -32.7791894268 7.32913 0.0690397 -0.018712 -252.9092 433.7256 92045.0 -32.4100005051
504.276 1611.87 265.3201 -194.5798 128709.0 -32.7740222902 7.71088 0.209061 -0.0335827 264.3823 -195.006 74131.0 -32.1749996466
2434.76 278.831 -703.9104 452.9456 128488.0 -32.7721564227 7.21037 0.0604294 -0.0482151 -703.7228 450.8721 121338.9 -32.7100001338
3708.68 3269.29 -1313.8479 -1042.2905 128030.0 -32.7682793637 8.08989 0.00634611 0.102657 -1311.371 -1040.3121 79067.9 -32.2450005108
1842.23 3374.29 -385.8377 -1080.2584 126165.0 -32.7523472301 7.1863 -0.0504457 -0.0177311 -385.7114 -1079.9757 75857.8 -32.2000006083
2575.46 3625.91 -748.16 -1210.8293 125305.0 -32.7449210021 7.75396 -0.0901213 0.0599302 -747.7828 -1209.677 79067.9 -32.2450005108
1350.51 2503.48 -148.236 -643.9333 124381.0 -32.7368851103 7.19107 0.0259813 -0.0177732 -147.9203 -644.3945 83176.4 -32.3000002988
3176.62 3444.34 -1048.1925 -1125.2032 123834.0 -32.7320997536 7.73504 0.0145803 0.121983 -1046.8752 -1123.649 68865.2 -32.0949995328
2298.74 2919.1 -616.1083 -857.6081 123789.0 -32.7317051365 7.19163 0.0663758 -0.00128394 -616.5019 -857.7623 95499.3 -32.4500004707
2564.51 147.601 -769.3725 517.1492 123759.0 -32.7314419788 7.23207 -0.0213234 -0.0457403 -768.8673 514.7792 95060.5 -32.4450002357
2742.24 1631.38 -846.295 -221.2888 123106.0 -32.7256980508 6.92198 0.0717025 -0.0336519 -846.5101 -221.243 89125.1 -32.3750000754
2794.75 2446.82 -866.1324 -626.7685 122167.0 -32.7173847731 6.89056 0.0763391 -0.02128 -866.446 -626.7325 90364.9 -32.3899994308
1791.41 2933.04 -363.9726 -860.6753 122144.0 -32.7171803457 6.86839 0.0975132 -0.0616278 -363.8714 -860.9516 85901.4 -32.3350006048
2807.99 1655.58 -878.7725 -233.8104 122035.0 -32.7162110137 6.91977 0.0384299 -0.014354 -879.1095 -233.8266 91201.1 -32.4000001912
610.709 81.3998 200.7198 564.8919 121823.0 -32.7143232255 7.58788 0.0462326 0.0520396 197.7614 561.9115 93325.4 -32.4249996501
1618.52 3819.19 -271.2951 -1299.5672 121461.0 -32.711092131 7.88922 -0.231644 -0.0470488 -271.7378 -1297.7173 83946.0 -32.3100000174
3238.6 2974.07 -1082.586 -892.0617 119556.0 -32.6939284409 7.09837 0.0833849 0.0830656 -1081.8781 -891.8163 86297.9 -32.340000569
1546.29 3118.21 -240.7843 -950.7971 119104.0 -32.6898158678 6.97703 -0.0449767 -0.0568943 -240.7735 -950.7833 88308.0 -32.3650001224
3546.38 3538.26 -1231.1604 -1174.6708 118097.0 -32.6805971636 8.15368 0.0355176 0.182615 -1228.6722 -1172.0112 86696.2 -32.3450001556
2748.65 3680.59 -833.7775 -1239.3092 116936.0 -32.6698705849 7.4496 -0.042022 0.0925383 -833.1661 -1237.9604 72110.7 -32.1449992785
1209.74 1447.01 -86.4 -118.0477 116739.0 -32.6680399219 6.85087 0.116872 -0.0380897 -86.4372 -117.9409 91622.0 -32.4049994192
1311.15 3229.21 -123.1221 -1004.1498 116447.0 -32.6653207609 6.91867 -0.0838444 -0.0802719 -123.4374 -1003.7629 84333.5 -32.3150003119
2577.26 1136.05 -768.1325 26.0273 115337.0 -32.6549216273 6.66131 0.0387788 -0.0667774 -768.2494 26.0083 93756.2 -32.429999992
824.177 3684.69 122.284 -1226.7126 115166.0 -32.6533107074 8.08709 -0.14218 -0.187851 120.5577 -1224.3927 76559.7 -32.2100005575
3575.3 1470.22 -1261.3733 -147.5649 114408.0 -32.6461409841 6.99727 0.190284 -0.0628852 -1259.999 -148.7739 102329.3 -32.5250000082
3346.12 2561.26 -1139.1624 -687.8106 112937.0 -32.632090618 6.77977 0.115935 0.013334 -1138.6671 -687.9862 95940.1 -32.455000417
1337.93 3556.48 -133.918 -1166.9291 112764.0 -32.6304261823 7.24476 -0.148323 -0.0952952 -134.4065 -1165.8235 59429.2 -31.9349997102
384.972 2711.6 333.0139 -739.9778 111885.0 -32.6219296655 7.23008 -0.0150325 -0.134238 331.1955 -739.4759 71449.6 -32.1349995045
2091.53 4033.68 -504.6312 -1409.7146 111569.0 -32.6188588512 7.39463 -0.318687 0.0163299 -504.6145 -1406.8121 71779.4 -32.1399995594
3547.72 3570.38 -1231.58 -1190.637 110379.0 -32.6072161379 7.68841 0.0232861 0.166312 -1229.249 -1188.1317 68548.8 -32.0899996413
3637.68 3650.52 -1275.6558 -1231.1316 110113.0 -32.6045964876 7.49817 0.0394949 0.160303 -1272.9111 -1228.0088 78704.6 -32.2400002901
2102.81 2146.45 -524.6955 -472.2944 109155.0 -32.5951090849 6.42247 0.0939363 -0.0293739 -523.8708 -472.856 91622.0 -32.4049994192
993.337 997.382 17.6583 106.9563 108942.0 -32.5929883599 6.67825 0.102562 -0.0518364 17.4335 106.4508 89125.1 -32.3750000754
2544.39 475.881 -756.862 354.2248 108636.0 -32.589934416 6.46337 0.0210613 -0.0537691 -761.5537 355.5215 283139.2 -33.6300000016
1869.76 856.48 -418.8063 170.2871 108259.0 -32.5861600279 6.45994 0.0310969 -0.0418502 -418.8078 170.1486 82413.8 -32.2899998485
3400.62 518.496 -1181.8891 326.5446 107664.0 -32.5801762774 6.84067 0.154795 -0.0921683 -1179.9026 324.4461 84333.5 -32.3150003119
3325.42 2055.3 -1132.756 -436.311 107204.0 -32.5755274752 6.60653 0.134264 0.0207778 -1133.4459 -436.6019 100461.6 -32.5050002267
968.126 3703.2 50.9156 -1237.0022 106990.0 -32.5733579688 6.4647 0.125688 -0.0285307 49.2446 -1234.1697 83176.4 -32.3000002988
3285.58 3586.72 -1101.2302 -1196.7608 105424.0 -32.5573487255 7.09696 0.0688898 0.15445 -1099.575 -1194.7572 66988.5 -32.0650006331
2927.11 174.991 -949.2932 500.7857 105051.0 -32.5535004772 6.55011 -0.0132969 -0.0917305 -947.8264 498.2255 86297.9 -32.340000569
2242.44 4059.69 -579.4002 -1423.7829 104222.0 -32.5448985073 7.02017 -0.226503 0.0374858 -579.417 -1420.9022 65463.6 -32.0399997113
3326.14 3641.48 -1120.9598 -1224.272 103832.0 -32.5408280486 6.81763 -0.0593338 0.128337 -1119.151 -1221.8281 61376.2 -31.9699999909
3013.03 733.581 -987.696 222.6455 103701.0 -32.5394573609 6.42028 0.0401755 -0.0628134 -987.2692 221.8561 120781.4 -32.7050001482
165.944 1917.7 435.7383 -343.9322 102758.0 -32.5295391073 7.03577 0.269305 -0.110227 433.3762 -344.1548 76913.0 -32.2149993785
2776.12 1572.69 -863.5754 -192.3914 102699.0 -32.528915537 6.10219 -0.0552799 -0.0357851 -863.8147 -192.3501 80167.8 -32.2599999142
1916.55 2041.13 -432.9732 -418.559 101989.0 -32.5213833339 6.12916 0.0684056 -0.0217383 -433.4417 -419.7248 202301.9 -33.2649999041
2748.83 1677.37 -849.2164 -244.185 101907.0 -32.5205100419 6.16714 0.029446 -0.0294305 -849.3363 -244.1542 86297.9 -32.340000569
584.658 1045.77 221.0506 86.0265 101579.0 -32.5170098327 6.40182 0.125331 -0.0129976 219.7579 85.0692 76913.0 -32.2149993785
3615.43 2380.63 -1274.3329 -600.1281 101142.0 -32.512328843 6.33324 0.242744 0.0218155 -1273.4287 -600.0051 72443.6 -32.1500000598
1321.22 1853.32 -138.6672 -320.7351 101113.0 -32.51201749 6.08657 0.0712594 -0.0825285 -138.333 -321.5937 80167.8 -32.2599999142
3578.31 339.86 -1271.5298 413.9332 101056.0 -32.51140526 6.68326 0.126685 -0.13506 -1268.3703 410.9346 80537.8 -32.2649994052
2610.76 1472.12 -782.1993 -141.1745 100858.0 -32.5092758798 5.96397 0.0568595 -0.045504 -782.2266 -141.1774 72110.7 -32.1449992785
3522.97 634.868 -1241.7778 267.805 100599.0 -32.5064841591 6.7928 0.112355 -0.146074 -1240.1384 266.0107 95499.3 -32.4500004707
3110.24 2670.7 -1021.1445 -740.3827 100299.0 -32.5032415076 6.04327 0.158261 0.00561006 -1021.1233 -740.5543 79432.8 -32.2499996792
1385.77 1487.99 -173.5333 -139.7435 100202.0 -32.502190975 6.25662 0.100772 -0.0593762 -172.9612 -139.6063 69502.4 -32.1049995039
734.837 2813.0 159.9867 -793.0099 98940.0 -32.4884297651 6.33611 0.0218327 -0.100867 159.1573 -792.9453 68865.2 -32.0949995328
2465.51 3141.3 -697.2529 -969.257 97918.0 -32.4771563358 6.61506 -0.0320507 -0.13517 -697.8354 -968.3087 104712.9 -32.5500004686
2610.03 2497.58 -773.9792 -650.5796 97814.0 -32.4760025482 5.79493 0.0926721 0.00810045 -774.2027 -650.6856 74817.0 -32.1850007249
4048.43 3260.01 -1482.6983 -1040.264 96780.0 -32.4644640444 6.41855 0.386567 0.0243091 -1478.6077 -1037.2568 109144.0 -32.5949996653
344.612 526.811 336.323 345.6514 96717.0 -32.4637570424 6.42857 0.178337 0.0395409 333.1614 342.7942 60534.1 -31.9550002246
215.73 2495.25 415.4313 -631.2163 96325.0 -32.4593475442 6.79528 0.0927086 -0.179362 413.3503 -630.9708 70469.3 -32.1199998937
3344.32 1222.0 -1148.5301 -22.5021 96244.0 -32.4584341611 6.08825 0.0983599 -0.0378487 -1147.8339 -22.9677 79432.8 -32.2499996792
1746.16 1556.72 -352.0394 -176.6264 95860.0 -32.4540935616 5.90508 0.111905 0.0125139 -351.7159 -176.4491 76559.7 -32.2100005575
1646.04 2368.92 -296.0789 -579.336 94908.0 -32.443257054 5.64397 -0.0185345 -0.0301278 -295.1626 -580.4404 95940.1 -32.455000417
3856.6 860.61 -1405.7871 153.1278 94739.0 -32.4413219908 6.45794 0.303098 -0.0833616 -1402.5461 151.4466 68548.8 -32.0899996413
3453.2 568.597 -1207.6256 301.2565 94714.0 -32.4410354457 6.14671 0.19271 -0.10843 -1205.3956 299.2814 93756.2 -32.429999992
633.915 2810.97 210.1066 -791.2341 94338.0 -32.436716662 6.18688 -0.0291851 -0.107254 209.2097 -790.8698 66988.5 -32.0650006331
784.25 2486.72 132.9394 -631.3018 94172.0 -32.4348044849 5.96608 0.0342015 -0.065457 132.4111 -631.4034 66680.7 -32.0600003758
1226.12 527.872 -101.58 338.4215 94055.0 -32.4334547194 5.87786 0.00220003 -0.0491068 -101.8224 337.1784 72443.6 -32.1500000598
1844.96 3548.97 -385.8554 -1167.0538 93693.0 -32.4292678626 5.91548 -0.0076914 -0.0501454 -385.7146 -1166.4357 74131.0 -32.1749996466
1863.21 1634.83 -409.5884 -216.3186 92884.0 -32.4198522745 5.70482 -0.0348586 -0.0367788 -409.7848 -216.1098 63095.7 -31.9999994072
3563.27 2707.59 -1245.9158 -762.1531 91412.0 -32.4025080274 5.95051 0.225878 0.035633 -1244.6896 -761.8884 61094.2 -31.9649999557
2191.96 1604.91 -573.1325 -203.9552 89651.0 -32.3813878455 5.59764 -0.0549814 -0.0443444 -572.9715 -203.9387 68233.9 -32.0850004867
297.847 1118.99 364.0922 51.8344 88909.0 -32.3723643139 5.94324 0.119495 -0.0154842 362.0319 50.4093 70794.6 -32.1250003307
1187.14 1598.83 -74.0096 -193.2944 88778.0 -32.3707633924 5.95648 0.0752834 0.0240488 -73.5193 -193.1504 80167.8 -32.2599999142
4011.77 1047.4 -1481.4405 59.1576 88475.0 -32.3670514283 6.20436 0.269709 -0.0933771 -1477.7905 56.5234 61659.5 -31.9749999967
3267.03 2232.75 -1102.3896 -524.0176 88382.0 -32.3659095625 5.4434 0.0667038 -0.027764 -1102.6772 -524.4456 83946.0 -32.3100000174
487.272 1393.63 272.095 -86.037 88305.0 -32.3649632372 5.74066 0.19365 -0.0400242 270.6947 -86.7968 67920.4 -32.0800005873
2839.28 1539.34 -895.2073 -176.3046 87862.0 -32.3595027122 5.50433 0.0624548 -0.00588703 -895.3921 -176.2735 73113.9 -32.159999876
674.22 649.007 173.5183 282.4427 87112.0 -32.350194962 5.74217 0.107527 -0.00277786 172.029 280.6938 82413.8 -32.2899998485
3706.07 2968.04 -1314.8596 -892.6208 86625.0 -32.344108119 6.07001 0.158215 0.130778 -1313.0698 -891.4421 70794.6 -32.1250003307
2931.02 1223.17 -943.2041 -19.9406 86613.0 -32.3439577036 5.49 0.0297814 -0.0589121 -943.1529 -20.0342 73451.4 -32.1650001949
2553.78 3936.64 -735.009 -1365.0236 86192.0 -32.3386673955 6.146 -0.278854 0.110727 -733.2372 -1361.642 70794.6 -32.1250003307
1617.45 3676.39 -271.8578 -1228.6214 85760.0 -32.3332119309 5.85042 -0.204147 -0.0607459 -272.2248 -1227.1074 58076.4 -31.9099992194
994.027 3642.2 37.5812 -1206.8966 85540.0 -32.3304231148 6.41385 -0.16121 -0.192226 37.1725 -1203.6294 93756.2 -32.429999992
1036.63 3736.56 17.1401 -1254.0951 84256.0 -32.3140020936 6.42996 -0.271872 -0.184298 15.771 -1251.7992 62517.3 -31.9900005336
2931.64 1418.18 -942.0178 -116.8191 84025.0 -32.3110213029 5.7259 -0.0253841 -0.108548 -941.9345 -116.884 66374.3 -32.0549998848
939.33 2464.2 55.727 -621.2939 83610.0 -32.3056455586 5.92289 -0.0318269 -0.156143 55.7952 -621.6099 57279.6 -31.8949999413
672.048 2056.45 185.3817 -416.7064 83525.0 -32.3045412108 5.98951 0.151748 -0.160674 185.0035 -416.6674 67297.7 -32.0700005545
1153.67 3268.92 -44.5857 -1022.6788 83314.0 -32.3017949649 5.50508 -0.14112 -0.0869783 -45.1342 -1022.1396 61094.2 -31.9649999557
105.112 1021.52 459.0913 101.7194 83149.0 -32.2996425762 5.6378 0.182851 -0.00249531 455.8695 99.7807 62805.8 -31.9949993797
3282.74 3976.42 -1096.8333 -1390.3278 83079.0 -32.298728151 6.69075 -0.228244 0.210759 -1094.5168 -1386.2854 60813.5 -31.9599999977
1343.5 1749.63 -150.5299 -269.3952 82932.0 -32.2968053475 5.26087 0.0229241 -0.0724532 -150.1165 -269.3146 56754.5 -31.8850007549
1269.26 1656.63 -114.3619 -222.6317 82744.0 -32.2943412792 5.26973 0.180195 -0.0437596 -114.1622 -222.7823 64268.8 -32.0200004776
3586.5 2743.67 -1257.1795 -780.2529 81998.0 -32.2845081493 5.52759 0.199505 0.0200449 -1255.9681 -779.9254 65463.6 -32.0399997113
1245.6 2629.65 -95.1525 -705.8122 81598.0 -32.2791987854 4.73725 -0.0224889 -0.047845 -94.8475 -706.2613 62517.3 -31.9900005336
1196.09 1765.22 -77.1808 -276.0189 81574.0 -32.2788793964 5.24091 0.0958262 -0.0448307 -76.9488 -276.0905 60534.1 -31.9550002246
2142.77 476.251 -557.3443 357.0948 81048.0 -32.2718557559 5.24264 0.0317875 -0.0417469 -556.9936 356.3963 69823.2 -32.1099993717
3399.97 2266.39 -1168.1731 -541.7395 80747.0 -32.2678159898 5.26299 0.181316 -0.0511448 -1167.8072 -542.0518 66988.5 -32.0650006331
923.978 2924.56 66.8809 -849.867 80713.0 -32.2673587245 5.29535 0.0703047 -0.0843649 66.4018 -849.5902 79067.9 -32.2450005108
2873.58 1634.43 -911.5181 -223.8026 80436.0 -32.2636261636 4.9628 0.0053369 -0.0374973 -911.6985 -223.8908 72110.7 -32.1449992785
3299.91 155.669 -1134.639 507.5494 80264.0 -32.2613019981 5.4949 0.171828 -0.14938 -1132.6471 504.1033 76559.7 -32.2100005575
2899.73 3963.6 -906.6617 -1381.0469 79385.0 -32.2493461228 6.01675 -0.265311 0.151401 -905.4092 -1377.7618 57279.6 -31.8949999413
2796.32 2306.58 -867.987 -557.1144 78884.0 -32.2424723111 5.07182 0.148931 -0.0214682 -868.0472 -557.743 71779.4 -32.1399995594
1585.64 3279.51 -259.0964 -1031.2242 77475.0 -32.2229039623 4.86145 0.0161454 -0.0638879 -259.1532 -1031.0556 74131.0 -32.1749996466
449.73 2537.81 299.5121 -654.1378 77401.0 -32.2218664292 5.33495 0.0389378 -0.147381 298.2138 -653.9408 58884.4 -31.9250006355
868.478 2713.8 92.837 -744.7472 77236.0 -32.2195494347 5.37733 0.0475238 -0.122879 92.7947 -744.4312 59429.2 -31.9349997102
308.035 2696.48 371.1184 -731.8817 76296.0 -32.2062544241 5.44328 0.130758 -0.165084 368.8665 -730.9724 57544.0 -31.9000001182
3078.42 3364.82 -1000.0185 -1084.9539 76203.0 -32.204930173 5.2534 -0.0361108 0.0527069 -999.2777 -1084.0649 56754.5 -31.8850007549
2573.18 1301.01 -764.8416 -55.8877 75903.0 -32.2006473534 4.9963 0.0889862 -0.0612644 -765.4732 -54.4909 106659.6 -32.5699998766
1024.5 2164.13 11.1174 -472.8778 75853.0 -32.1999319047 4.9114 -0.0633505 -0.00408766 11.1313 -472.7691 52966.3 -31.8099990901
3211.6 919.5 -1084.916 128.7779 75716.0 -32.1979691564 4.91839 0.0246157 -0.0626833 -1083.9609 128.1574 72443.6 -32.1500000598
2961.81 2376.53 -949.6623 -593.1213 75660.0 -32.1971658424 4.94045 0.0528594 -0.0952172 -949.7129 -593.5693 64268.8 -32.0200004776
2202.02 3412.1 -564.2826 -1101.7768 75324.0 -32.1923334367 4.97858 -0.139658 -0.0196621 -564.3039 -1101.3275 56234.1 -31.8749993721
1786.52 177.361 -382.6585 508.2812 75251.0 -32.191280689 4.93148 0.0259126 -0.0628185 -384.906 509.9354 183653.8 -33.159999797
3552.03 2232.91 -1243.9693 -526.2641 75222.0 -32.1908621906 5.04927 0.247372 -0.0181263 -1243.282 -527.0061 68233.9 -32.0850004867
1777.09 309.711 -376.9598 442.6063 75167.0 -32.1900680435 5.02654 0.0813601 -0.0856785 -377.0108 441.1068 71779.4 -32.1399995594
413.876 1860.09 312.1305 -317.1989 73769.0 -32.1696847407 5.10532 0.0633742 0.033841 311.1571 -317.3826 57544.0 -31.9000001182
100.392 1318.19 463.7093 -45.6194 73549.0 -32.1664419307 5.1968 0.236425 -0.037358 460.8025 -47.0905 57809.6 -31.904999911
1056.64 1988.88 -6.1918 -386.0645 73528.0 -32.1661318827 4.84884 0.0603308 -0.0679443 -5.7712 -386.1491 64863.4 -32.0299992743
2321.72 355.289 -647.1691 415.8236 73513.0 -32.1659103657 4.73904 0.00312973 0.00989519 -646.8514 414.5804 62805.8 -31.9949993797
2467.0 3137.63 -698.0212 -967.4452 73468.0 -32.1652455433 6.95946 -0.128599 -0.263444 -697.8354 -968.3087 104712.9 -32.5500004686
1391.04 3779.57 -158.5924 -1278.1558 73405.0 -32.1643141075 5.78202 0.358239 -0.145531 -159.2103 -1275.7254 77268.1 -32.220000583
1158.52 2959.11 -49.3689 -868.8136 73105.0 -32.1598677036 4.80152 -0.0197929 -0.0765182 -49.4644 -868.8997 59429.2 -31.9349997102
647.713 2424.56 200.2913 -599.3848 73075.0 -32.1594220601 4.80519 -0.00511713 -0.0920227 199.819 -599.3989 64565.4 -32.0249996149
2735.07 2300.42 -837.6067 -553.5886 73001.0 -32.1583220233 4.75659 0.0877251 -0.0339671 -837.8569 -553.7804 64863.4 -32.0299992743
644.873 577.359 187.5482 318.2579 71763.0 -32.1397514645 4.84411 0.0797627 -0.0202273 185.9848 316.2426 59156.2 -31.9300006714
3581.6 316.365 -1273.3442 425.5797 71458.0 -32.135127142 4.97131 0.104892 -0.119059 -1270.1486 422.0036 72443.6 -32.1500000598
1037.97 1915.41 2.5201 -349.4254 71268.0 -32.1322364283 4.6194 0.0405764 -0.0479146 2.9837 -349.4291 57279.6 -31.8949999413
2517.68 1768.67 -733.6872 -287.7819 71100.0 -32.1296740018 4.99085 0.118953 -0.101661 -733.9467 -287.79 56754.5 -31.8850007549
1904.94 2106.61 -426.7039 -450.9988 71035.0 -32.128680962 4.6996 0.0548794 -0.0741305 -426.6203 -451.2534 67920.4 -32.0800005873
3284.63 1140.63 -1119.5011 18.3734 70880.0 -32.1263092722 4.55659 0.00410012 -0.0582364 -1119.2883 18.3781 66988.5 -32.0650006331
283.191 1597.3 375.0379 -185.6609 70393.0 -32.1188236858 4.89099 0.169354 -0.0384843 372.846 -183.7628 110153.9 -32.6049996949
2543.63 3023.49 -736.9636 -911.3273 70142.0 -32.1149453625 4.58429 -0.00657033 -0.00118497 -736.2376 -911.2321 66988.5 -32.0650006331
1669.66 2230.74 -308.8715 -510.8729 70024.0 -32.1131172886 4.44344 0.0500473 -0.0742489 -308.4932 -511.0823 59979.1 -31.944999862
1145.46 2919.54 -43.1842 -849.0573 69925.0 -32.1115811876 4.6182 -0.0032561 -0.055338 -43.3776 -849.0096 58884.4 -31.9250006355
3487.63 2875.37 -1207.0542 -844.9248 69505.0 -32.1050401192 4.60271 0.00468607 0.0544343 -1205.7178 -844.4355 57809.6 -31.904999911
289.522 2374.11 377.8451 -571.5995 68729.0 -32.0928500625 5.65189 0.111675 -0.20164 376.2171 -571.8837 58884.4 -31.9250006355
2843.69 1972.91 -894.0759 -391.7197 68512.0 -32.089416614 4.48143 0.0960509 -0.0115145 -893.3874 -392.4933 71449.6 -32.1349995045
2953.83 3483.86 -937.2132 -1143.1412 68434.0 -32.0881798136 4.86707 -0.164293 0.0887164 -936.4258 -1142.1151 50350.1 -31.7550008436
3208.65 1173.74 -1081.5025 2.5033 68182.0 -32.0841743409 4.47563 0.0525406 -0.074197 -1080.9794 2.0784 80537.8 -32.2649994052
960.833 1304.07 36.1555 -45.1477 68155.0 -32.0837443053 4.65515 0.058641 -0.0300173 36.0992 -45.3594 66374.3 -32.0549998848
2829.77 916.063 -895.2588 133.3887 67973.0 -32.080841095 4.5697 0.0388862 -0.0291821 -894.4021 134.0979 73113.9 -32.159999876
2407.64 890.729 -685.7492 149.1835 67964.0 -32.080697328 4.47769 0.0485699 -0.0740431 -685.6192 149.0375 48977.9 -31.7250004004
2520.43 986.075 -741.0499 100.9615 67912.0 -32.0798663014 4.49947 0.0245322 -0.0393466 -740.9613 100.8584 71449.6 -32.1349995045
751.614 832.947 136.4803 190.4796 67791.0 -32.0779301008 4.57822 0.0395512 -0.0793732 135.6087 189.2365 66069.3 -32.0499992638
1733.73 487.761 -354.0553 354.4874 67087.0 -32.0665959288 4.58606 -0.00974142 -0.0375125 -354.244 353.4008 70145.5 -32.1149995381
1381.47 2212.16 -165.8483 -499.4517 66543.0 -32.0577559414 4.41419 0.042274 -0.0867601 -165.2706 -499.3158 60813.5 -31.9599999977
931.141 162.28 42.1569 522.2771 66012.0 -32.0490572275 4.62285 -0.158669 -0.0180039 40.4286 519.0605 58344.5 -31.914999806
1424.6 2753.5 -183.1263 -768.6974 65907.0 -32.0473288589 4.3312 -0.00327989 -0.0609835 -182.6954 -769.3873 61376.2 -31.9699999909
1938.57 1355.79 -449.1635 -78.2749 65885.0 -32.0469663757 4.33146 0.0306627 -0.0476038 -448.9666 -78.0979 71449.6 -32.1349995045
3072.76 2292.68 -1005.4219 -552.3114 65801.0 -32.0455812345 4.32944 0.014369 -0.0503372 -1005.6296 -552.5458 52480.7 -31.7999990478
1494.64 2519.45 -219.7138 -652.9625 65665.0 -32.0433348715 4.33125 0.0570887 -0.0606868 -219.412 -653.5409 54450.3 -31.8400006922
1611.11 1119.08 -288.3033 41.8038 65434.0 -32.0395086742 4.43035 0.00872803 -0.0575706 -287.9285 42.2609 66069.3 -32.0499992638
1074.46 362.864 -27.5035 421.5446 65328.0 -32.0377484064 4.44857 -0.0751105 -0.0803558 -28.4257 418.9907 68233.9 -32.0850004867
1770.71 1421.65 -365.2702 -109.7153 64866.0 -32.0300427943 4.36385 0.0720205 -0.0483065 -365.9756 -111.1215 72110.7 -32.1449992785
3027.46 367.356 -997.6706 404.4628 64338.0 -32.0211688909 4.36325 0.0671385 -0.0629288 -996.6104 402.4124 57544.0 -31.9000001182
3140.73 7.46931 -1056.6979 582.3799 64288.0 -32.0203247877 4.53287 0.0939511 -0.114577 -1054.5034 578.9147 68865.2 -32.0949995328
3523.71 0.754739 -1247.0043 582.8033 64099.0 -32.0171281355 6.44505 0.814199 0.00109051 -1243.8372 579.2605 165196.2 -33.0450001326
2950.78 3273.65 -937.3088 -1038.6935 63927.0 -32.0142108103 4.42509 -0.0419745 0.0677745 -936.6436 -1038.3349 55462.6 -31.8600005619
775.606 3141.86 142.2535 -956.6854 63469.0 -32.0064041394 4.60857 -0.0517106 -0.132854 141.5997 -956.164 43853.1 -31.6050007483
3309.53 3590.85 -1113.0963 -1198.9946 63337.0 -32.0041437222 4.70963 -0.147312 0.142498 -1112.6205 -1198.3344 87498.4 -32.3550002789
3034.21 726.68 -998.2706 225.9126 63250.0 -32.0026513246 4.25606 0.0857116 -0.0691105 -997.1231 225.4214 70794.6 -32.1250003307
1733.81 2494.68 -338.7173 -642.4763 63129.0 -32.0005722748 4.23311 0.0182203 -0.0660536 -338.4749 -643.0571 52480.7 -31.7999990478
1700.81 737.585 -335.7872 230.6344 62935.0 -31.9972305913 4.19219 0.0291359 -0.0217076 -335.5338 230.1638 66069.3 -32.0499992638
3281.32 844.718 -1120.1242 165.3967 62288.0 -31.9860109659 4.37881 0.180466 -0.110604 -1119.009 164.739 64268.8 -32.0200004776
285.545 1586.07 373.7825 -180.1001 61588.0 -31.9737402528 4.3602 0.203436 -0.10924 372.846 -183.7628 110153.9 -32.6049996949
1459.04 734.562 -215.7051 233.9745 60920.0 -31.9618997367 5.75469 -0.382842 0.137594 -216.0432 229.9497 187068.2 -33.1799999185
2771.41 2131.08 -856.957 -469.7431 60846.0 -31.9605800827 4.18171 0.281803 -0.0274241 -856.9226 -469.988 47643.1 -31.6950000301
1343.15 361.056 -160.9958 420.3996 60775.0 -31.9593124188 4.26004 0.106181 -0.0825455 -161.582 418.6246 56234.1 -31.8749993721
2611.84 1752.03 -780.5911 -280.2317 60667.0 -31.9573812987 4.14772 0.151234 -0.00792855 -780.9897 -280.2673 54954.1 -31.8500002492
3321.56 3310.4 -1121.2214 -1059.7688 60624.0 -31.9566114698 4.26929 0.0357141 0.0331786 -1120.1477 -1058.5078 44874.5 -31.6299990566
4041.17 2154.11 -1487.5656 -490.8386 60422.0 -31.9529877414 4.47222 0.33593 0.00361871 -1485.0968 -490.4867 58884.4 -31.9250006355
2718.58 2538.81 -827.5882 -671.8865 60356.0 -31.9518011247 4.03619 0.109951 0.0126663 -827.781 -672.2566 58344.5 -31.914999806
1744.49 1934.01 -348.3189 -364.0374 60119.0 -31.9475293702 3.98499 0.166692 -0.00471703 -347.8832 -364.1685 56234.1 -31.8749993721
1829.04 6.92068 -405.0873 592.6263 60113.0 -31.947421006 4.20269 0.0769836 -0.0910139 -404.9967 589.9117 47206.3 -31.6849999051
3247.77 1269.5 -1100.2025 -45.3642 60035.0 -31.9460112874 4.07955 0.0760859 -0.0471069 -1099.711 -45.6217 55975.8 -31.870000773
1514.16 420.198 -245.4961 389.7198 59901.0 -31.9435851816 4.0976 0.0132876 -0.0725997 -245.8076 388.3264 66374.3 -32.0549998848
2282.77 2519.5 -611.2367 -658.9802 59896.0 -31.9434945503 4.07252 0.073402 -0.047954 -611.191 -659.1404 44668.4 -31.6250009913
1804.81 3438.93 -366.7531 -1112.0847 59762.0 -31.941062808 4.18993 0.0667515 -0.127457 -366.8989 -1111.7923 46989.4 -31.6799997491
1612.32 3491.27 -270.7278 -1136.6216 59146.0 -31.9298134474 4.64583 -0.109114 -0.0551757 -271.0538 -1135.8472 49888.4 -31.7449989391
3706.54 2526.07 -1318.4797 -673.07 58945.0 -31.9261174301 4.22868 0.218192 0.0520453 -1317.2506 -673.0533 57809.6 -31.904999911
3959.1 1070.14 -1455.1011 48.2617 58619.0 -31.9200960135 6.54345 0.601262 0.00417658 -1452.9099 51.921 751622.9 -34.6900000086
2729.57 3835.26 -823.1139 -1315.9985 58395.0 -31.9159391569 4.3663 -0.298421 0.043733 -823.467 -1317.5666 13001.7 -30.2850003524
1746.77 1770.03 -350.708 -282.5956 57887.0 -31.906452607 3.95002 0.149012 -0.106634 -350.3744 -282.4689 49204.0 -31.7300010246
2154.01 1838.32 -552.4914 -319.6161 57833.0 -31.9054393032 4.01197 0.0414309 -0.0871473 -552.5536 -319.3133 60534.1 -31.9550002246
2068.16 3215.39 -499.2916 -1003.0407 57720.0 -31.9033158061 3.94332 -0.101868 -0.0457844 -499.1374 -1003.0604 59703.5 -31.9399994788
883.763 1837.05 78.5258 -309.3265 57587.0 -31.9008111363 3.95844 0.148312 -0.106259 78.5375 -310.0306 49659.2 -31.7399992972
2868.76 2954.2 -899.011 -879.3788 57376.0 -31.8968256697 3.91707 0.158683 -0.0191872 -899.1902 -879.4974 62517.3 -31.9900005336
2297.2 1106.12 -629.235 43.025 56786.0 -31.8856031953 3.73896 -0.0867793 0.0180286 -629.2027 43.1953 64268.8 -32.0200004776
427.47 483.091 294.8262 366.7399 56676.0 -31.8834979791 4.1884 0.24137 0.0109122 291.942 363.6504 58344.5 -31.914999806
2098.33 91.3369 -538.217 548.6438 55938.0 -31.8692673365 3.8606 -0.00902908 -0.111095 -538.1228 546.0515 44463.1 -31.6199993469
2735.66 2078.13 -839.6031 -443.1676 55497.0 -31.8606737678 3.7384 0.155273 -0.0677307 -839.8124 -443.3609 54954.1 -31.8500002492
2474.29 1221.57 -716.3243 -15.6729 55110.0 -31.8530760276 3.7803 -0.0298053 -0.0254125 -716.2921 -15.5232 63387.0 -32.0050004946
2839.92 1767.42 -893.7776 -289.6112 55110.0 -31.8530760276 3.80418 0.0644158 -0.0461916 -893.4922 -289.323 60813.5 -31.9599999977
2014.45 3328.38 -471.7441 -1058.7616 55055.0 -31.8519919174 3.79899 -0.100651 -0.0556152 -471.3958 -1057.8638 56754.5 -31.8850007549
2154.95 1573.79 -554.9853 -188.2145 54977.0 -31.8504525936 3.79836 0.0106006 -0.0514401 -554.8475 -188.1337 51760.7 -31.7850003525
1596.46 1258.03 -279.9609 -27.11 54811.0 -31.8471693141 3.77963 0.155362 -0.0606094 -279.7495 -26.958 44874.5 -31.6299990566
921.673 2114.13 61.8162 -447.2578 54665.0 -31.8442733811 3.74327 0.155215 -0.0665356 62.2068 -447.5201 52239.6 -31.7949996072
2957.12 3718.08 -937.0529 -1259.518 54145.0 -31.8338958951 3.8734 -0.176758 0.0714935 -935.8147 -1257.4453 52966.3 -31.8099990901
3970.66 1910.13 -1454.4075 -369.1022 54140.0 -31.8337956286 3.76904 0.163414 -0.0638959 -1452.2542 -369.5221 52480.7 -31.7999990478
286.84 431.88 364.2953 393.2489 53791.0 -31.8267740452 3.85531 0.178104 -0.0174723 360.2496 389.6397 57809.6 -31.904999911
2073.13 2279.78 -508.9296 -538.3021 53519.0 -31.8212699752 3.57599 -0.0812704 -0.0746304 -508.6632 -538.6022 63387.0 -32.0050004946
1367.85 2732.4 -155.096 -757.7841 53406.0 -31.8189751286 3.87429 0.144587 0.0166228 -155.223 -758.685 59979.1 -31.944999862
2837.08 853.572 -899.369 164.3763 53275.0 -31.816308646 3.62747 -0.103224 -0.0959677 -898.9627 163.9961 66374.3 -32.0549998848
1241.0 632.047 -108.1738 286.5581 52758.0 -31.8057208089 3.78719 -0.0548168 -0.113179 -108.5275 285.5581 55462.6 -31.8600005619
2691.18 3193.55 -808.9597 -996.9288 52586.0 -31.8021753427 3.61503 -0.119707 -0.0399501 -809.7752 -996.2903 61659.5 -31.9749999967
1079.13 142.784 -31.5097 530.8367 52486.0 -31.8001086902 3.60731 -0.07869 -0.0760686 -32.9558 527.8706 54450.3 -31.8400006922
2076.48 817.001 -521.8022 188.3269 52450.0 -31.7993637313 3.7246 -0.0466568 -0.0812445 -521.7601 188.2353 49888.4 -31.7449989391
3342.95 2054.92 -1141.4674 -436.2555 52410.0 -31.7985353993 3.60536 0.103335 -0.0479584 -1140.7879 -436.516 64863.4 -32.0299992743
205.48 1404.13 412.1627 -89.1103 52000.0 -31.7900083591 3.77665 0.214192 -0.0751064 409.818 -89.9997 52239.6 -31.7949996072
1186.13 1445.79 -74.6805 -117.2621 51988.0 -31.7897577757 3.60414 -0.0835784 -0.0760313 -74.7061 -117.4504 47643.1 -31.6950000301
3816.47 817.609 -1386.181 174.7943 51638.0 -31.782423533 3.80661 0.292915 -0.0974462 -1383.2448 172.8897 51286.1 -31.7749991871
27.134 2065.82 505.8306 -416.4573 51196.0 -31.773090076 6.24709 -0.470373 0.155765 507.6363 -420.2118 946237.2 -34.9400000443
1853.13 1845.46 -402.967 -320.8751 51005.0 -31.7690318798 3.45713 -0.0568959 -0.0700804 -398.9686 -323.6778 23227.4 -30.9150014975
2708.95 2664.86 -821.8384 -734.4303 50659.0 -31.7616415316 3.43916 -0.0927105 0.0320632 -820.543 -736.6639 101391.1 -32.5149995869
1814.22 362.233 -395.0026 416.233 50507.0 -31.758378933 3.55283 0.00208348 -0.116519 -394.7117 414.4735 50350.1 -31.7550008436
1826.13 738.458 -398.0364 229.2478 50208.0 -31.7519323048 3.47251 -0.0570362 -0.071731 -398.4684 229.3927 64268.8 -32.0200004776
1234.22 410.088 -106.5064 396.8706 50178.0 -31.7512833679 3.46626 0.0266428 -0.0348839 -106.8811 394.9482 60813.5 -31.9599999977
2146.86 1337.0 -552.7808 -70.5245 50034.0 -31.7481630606 3.41038 0.108004 -0.00411546 -552.73 -70.093 61094.2 -31.9649999557
806.992 2491.5 121.6784 -633.8493 49817.0 -31.7434439265 3.54803 -0.140283 -0.136988 121.9958 -633.9427 44668.4 -31.6250009913
1718.5 3404.78 -324.1381 -1094.4639 49425.0 -31.734866695 3.63121 0.0856725 -0.0309031 -324.0677 -1094.7949 64268.8 -32.0200004776
4071.04 1328.37 -1508.7314 -80.8686 49422.0 -31.7348007909 3.83917 0.369104 -0.016397 -1505.4824 -82.0678 57544.0 -31.9000001182
2023.08 3383.96 -475.6053 -1086.4373 48924.0 -31.7238048937 3.39585 -0.0552075 -0.0649614 -475.4567 -1086.3247 48305.9 -31.7100004449
1892.3 3296.73 -411.3055 -1042.1102 48416.0 -31.7124722659 3.37822 -0.107739 -0.0730138 -411.0499 -1042.3107 61659.5 -31.9749999967
2046.13 1967.99 -497.9057 -383.2111 48399.0 -31.7120909713 3.29071 0.0360559 -0.0855142 -497.8777 -383.0594 55462.6 -31.8600005619
1225.95 1379.19 -94.9724 -84.4805 48362.0 -31.7112606318 3.27703 0.0499006 -0.0831242 -94.6276 -84.4413 57279.6 -31.8949999413
2301.89 329.248 -637.5176 428.9106 48058.0 -31.7044142327 3.43919 0.131942 -0.104072 -637.2212 427.5134 53703.2 -31.8250004117
2537.24 2745.39 -735.9202 -773.1289 48046.0 -31.7041430924 3.29632 -0.0969537 -0.0283274 -736.0691 -773.6418 48977.9 -31.7250004004
3246.99 2451.99 -1090.7544 -632.7755 48043.0 -31.7040752967 3.17946 0.00210758 -0.00172173 -1090.4823 -632.9696 51286.1 -31.7749991871
2167.13 1973.34 -557.9745 -386.7888 47904.0 -31.7009294467 3.32651 0.027098 -0.0718724 -557.8081 -386.9748 53703.2 -31.8250004117
3041.38 706.993 -1001.9833 235.6379 47712.0 -31.6965690544 3.40764 0.0667728 -0.150672 -1000.909 234.2196 68233.9 -32.0850004867
732.234 2352.76 157.7532 -564.3599 47700.0 -31.6962959476 3.43627 -0.0249764 -0.0797315 157.4145 -564.3551 43451.0 -31.5949994398
1607.33 386.152 -292.0415 405.9241 47367.0 -31.6886896986 3.34086 -0.0253904 -0.0723601 -292.1984 404.4804 48305.9 -31.7100004449
1433.62 3315.53 -183.3007 -1047.9616 47317.0 -31.6875430041 4.20959 -0.352919 0.0552283 -183.5752 -1047.6774 54450.3 -31.8400006922
2372.04 1306.1 -664.8813 -56.8868 45861.0 -31.6536088007 3.08687 0.0476621 -0.0368128 -664.7449 -56.676 49204.0 -31.7300010246
1151.26 1639.05 -55.8771 -213.0014 45602.0 -31.6474597256 3.17933 -0.0186697 -0.127659 -55.6093 -213.0999 51760.7 -31.7850003525
3143.4 3030.95 -1034.8572 -919.5937 45521.0 -31.6455294851 3.22281 0.000246613 0.0333358 -1033.9627 -919.1315 59979.1 -31.944999862
2702.05 2673.34 -818.3457 -738.5904 45437.0 -31.6435241229 3.70812 -0.12613 -0.163772 -820.543 -736.6639 101391.1 -32.5149995869
2021.04 2424.26 -481.9455 -609.6783 45304.0 -31.6403413715 3.17688 0.0191401 -0.125506 -481.7466 -610.8158 51760.7 -31.7850003525
663.396 2397.11 192.29 -585.8679 45182.0 -31.6374136281 3.37055 0.128689 -0.171122 191.7626 -585.9081 48977.9 -31.7250004004
1864.05 2072.09 -406.6553 -433.5396 45141.0 -31.6364279392 3.08961 0.0468513 -0.0363635 -406.3091 -433.5993 48083.9 -31.7049992132
2935.65 3029.35 -931.6645 -917.2192 45130.0 -31.6361633338 3.19414 0.178429 0.00513466 -931.9361 -917.0323 54954.1 -31.8500002492
1923.64 2184.94 -435.3934 -490.0524 43302.0 -31.5912698892 3.37786 0.113874 0.00721563 -435.1576 -490.4152 51286.1 -31.7749991871
2828.15 1980.16 -886.3005 -395.203 43218.0 -31.5891616629 2.95843 0.00223914 -0.0803655 -887.6761 -394.3409 66680.7 -32.0600003758
2170.26 1151.37 -565.8277 21.5117 43102.0 -31.5862435564 3.01038 0.0881977 -0.0355486 -565.7602 21.5735 55718.6 -31.8650004892
1495.94 2473.05 -220.7151 -629.9226 43088.0 -31.5858908402 2.99978 -0.00217015 -0.0705506 -220.1507 -630.3609 51050.5 -31.7700000001
2651.42 1335.16 -803.4477 -73.4471 43015.0 -31.5840498181 3.16234 0.0667253 -0.0553787 -803.5659 -73.2754 56234.1 -31.8749993721
1537.05 1028.38 -252.2072 87.4234 42783.0 -31.5781780865 3.08222 0.108256 -0.140817 -253.4444 87.4554 70794.6 -32.1250003307
1789.16 2750.0 -364.2574 -769.7307 42549.0 -31.572223394 3.13865 -0.0564108 -0.165576 -363.9475 -770.2315 49659.2 -31.7399992972
1355.23 286.574 -167.5675 457.3077 40773.0 -31.525931668 3.10449 0.107243 0.0420182 -168.094 455.5141 43651.6 -31.6000004173
2828.17 1958.28 -886.478 -384.334 40706.0 -31.5241460707 2.85367 0.0950043 -0.0941069 -886.7451 -384.5204 51999.6 -31.7900000072
1576.28 1742.84 -266.2212 -267.7922 40219.0 -31.5110781704 2.96242 0.0936429 -0.131939 -265.6782 -267.9162 47863.0 -31.6999997906
1327.07 2996.97 -132.8102 -888.9026 39703.0 -31.4970583094 4.09439 -0.252804 0.0490024 -136.8521 -888.8037 628058.4 -34.4950000712
931.622 160.842 41.9069 522.9877 39426.0 -31.4894567939 3.61331 0.0885218 0.0385277 40.4286 519.0605 58344.5 -31.914999806
2321.7 2623.82 -629.7768 -711.0985 38822.0 -31.4726947631 2.76926 -0.0204206 -0.0229656 -629.4779 -711.566 57279.6 -31.8949999413
1627.45 559.784 -300.7062 319.5172 38814.0 -31.4724710038 2.75739 0.0260862 -0.0572618 -301.024 319.0991 45081.7 -31.6350007116
2587.62 108.436 -781.153 536.4292 35990.0 -31.3904546166 2.58618 -0.148857 -0.0838572 -779.783 533.7652 51050.5 -31.7700000001
2889.54 3086.62 -908.3193 -945.3182 34767.0 -31.352918044 2.33925 0.0437281 -0.0770116 -908.142 -945.2816 38370.7 -31.4599993054
1908.06 1720.09 -431.2155 -259.0137 31748.0 -31.2542909291 4.03818 -0.159894 -0.112882 -426.6605 -258.5633 812830.5 -34.7749999784
2213.78 1213.15 -586.9739 -9.5093 31434.0 -31.2434991221 2.53809 -0.198538 -0.184061 -586.9962 -9.2524 43451.0 -31.5949994398
3256.92 2105.12 -1098.3452 -460.5388 31311.0 -31.2392423455 3.07936 0.0445162 0.0105805 -1100.8322 -459.5443 94189.0 -32.4350004651
65.9189 1490.79 482.1572 -131.0985 30964.0 -31.227142647 2.35298 0.140211 -0.126985 479.2407 -132.1648 48083.9 -31.7049992132
2874.43 3930.72 -894.3453 -1364.521 30878.0 -31.2241229072 2.46142 -0.227841 0.196001 -893.3846 -1361.1364 40738.0 -31.5249992596
2829.41 914.226 -895.094 134.304 28477.0 -31.1362355881 3.67583 0.100758 -0.00501272 -894.4021 134.0979 73113.9 -32.159999876
2739.91 387.833 -854.6661 396.4771 27651.0 -31.1042771055 3.73525 -0.170955 -0.0765105 -854.0971 395.8857 66374.3 -32.0549998848
1426.79 1825.5 -191.3249 -307.7179 27326.0 -31.09144016 4.04495 0.153597 0.0392098 -188.398 -307.4377 383707.2 -33.9599998713
2575.52 2657.05 -755.6136 -729.536 27032.0 -31.0796954469 2.7641 0.108029 -0.222492 -755.6609 -729.8488 39445.7 -31.4899991685
1514.72 2275.38 -231.5592 -531.8703 26753.0 -31.0684312239 4.72363 0.344568 -0.0244985 -233.0933 -536.7023 628058.4 -34.4950000712
1345.98 1750.54 -151.7549 -269.8661 26036.0 -31.0389356572 4.24337 0.125796 0.133697 -150.1165 -269.3146 56754.5 -31.8850007549
3489.67 2874.98 -1208.0706 -844.7466 25666.0 -31.0233954748 3.27288 0.0209794 -0.0434067 -1205.7178 -844.4355 57809.6 -31.904999911
1077.35 143.001 -30.6238 530.7424 23274.0 -30.917177575 2.97452 0.236187 0.000776371 -32.9558 527.8706 54450.3 -31.8400006922
3904.87 1131.88 -1427.6879 18.0039 22679.0 -30.8890597525 3.0483 0.289146 -0.156834 -1424.5554 16.4404 50815.9 -31.7649990544
422.371 1255.61 303.2786 -16.9802 22211.0 -30.8664202803 1.68224 0.0185202 -0.086588 301.9385 -17.9111 43853.1 -31.6050007483
853.895 779.602 85.2609 216.2017 22051.0 -30.8585707231 1.91025 -0.0735924 -0.228622 84.4091 215.0392 38194.4 -31.4549992301
3175.02 3447.05 -1047.3769 -1126.5372 21883.0 -30.8502671509 4.46498 -0.0117329 -0.084601 -1046.8752 -1123.649 68865.2 -32.0949995328
2085.99 2708.6 -512.0323 -751.4218 20374.0 -30.7726907546 5.01428 0.193747 -0.000928478 -512.13 -755.2133 467735.1 -34.1749999042
280.746 1596.42 376.2458 -185.2051 20368.0 -30.7723709658 3.23378 -0.0125444 0.167797 372.846 -183.7628 110153.9 -32.6049996949
1577.01 1741.29 -266.5957 -267.0278 20242.0 -30.7656335513 3.0075 -0.269038 -0.1243 -265.6782 -267.9162 47863.0 -31.6999997906
1263.91 1068.52 -116.2105 69.5602 17797.0 -30.6258670011 2.94817 0.149177 0.205672 -115.7805 69.6477 42462.0 -31.570001115
1039.33 678.111 -7.6362 265.2086 15638.0 -30.485453022 1.81787 0.217924 -0.280399 -8.3108 264.0509 43651.6 -31.6000004173
2898.61 984.393 -928.9332 98.9214 15471.0 -30.4737959653 2.90611 0.00135695 -0.403149 -928.1309 98.493 36812.9 -31.4150000777
28.0396 2235.61 506.6817 -500.8095 14278.0 -30.3866684441 4.26431 -0.380393 0.13834 504.3041 -498.3611 152054.8 -32.9550003358
1360.01 0.154685 -172.1368 599.5539 14022.0 -30.3670249069 1.76004 0.851415 -0.0010906 -173.2015 597.6137 89949.8 -32.3850005051
1389.09 1486.1 -175.1971 -138.8299 13765.0 -30.3469405393 4.0976 0.0860337 -0.288033 -172.9612 -139.6063 69502.4 -32.1049995039
3122.75 951.519 -1040.5322 113.5477 13417.0 -30.3191385494 5.81945 0.670346 0.0682765 -1040.735 112.9596 34994.5 -31.3599994818
