-819.2296 488.0907 885265.0 -34.8676832355 7.78183 0.0266415 -0.0380488 -817.0822 494.4708 1690440.9 -35.5699999797
-1367.8431 441.6776 450183.0 -34.1334727274 9.34514 0.0571923 -0.0382592 -1364.0023 437.5844 354813.4 -33.8750000329
-716.9825 -40.6512 395441.0 -33.9927042393 9.07983 0.0221858 -0.0182276 -716.6286 -49.4734 827942.2 -34.7950000476
-1518.2829 431.4149 382045.0 -33.9552863006 9.86813 0.0711807 -0.0339176 -1512.6943 435.1117 27415.7 -31.0949983478
-754.8933 -209.5844 295314.0 -33.6757100903 9.4751 0.0221992 -0.0305838 -766.6455 -219.8317 1037528.4 -35.0399999834
-1413.7026 390.8662 201530.0 -33.2608492622 10.096 0.106561 -0.0576987 -1409.5518 386.9937 139315.7 -32.8600001536
-1174.5852 -781.9153 182869.0 -33.155350225 9.37786 0.132115 0.02193 -1166.0071 -782.9921 30478.9 -31.2099982226
298.2328 -1344.503 149969.0 -32.940003739 10.1174 -0.121207 -0.151897 296.9286 -1338.0709 186208.7 -33.1749999203
-1381.066 539.9751 139523.0 -32.8616145145 8.34375 0.073775 -0.0867905 -1376.1485 534.6772 98627.9 -32.4849994654
237.952 550.0648 136607.0 -32.838682385 8.52336 0.079689 0.052156 234.6864 544.9977 89125.1 -32.3750000754
304.0565 -1341.0947 134084.0 -32.8184423934 9.4294 -0.1075 -0.163843 296.9286 -1338.0709 186208.7 -33.1749999203
-1493.936 347.0689 133089.0 -32.8103554047 7.6702 0.101991 -0.0571494 -1489.1804 343.2778 104712.9 -32.5500004686
42.6748 -742.7523 114543.0 -32.6474213839 9.66874 -0.284232 0.138429 36.6042 -737.0994 1230268.8 -35.2250000258
474.2022 -1393.1472 102523.0 -32.5270532648 7.42972 -0.147413 -0.186654 467.6764 -1387.2132 80909.6 -32.2700001353
26.5802 -747.3116 99600.0 -32.4956483461 6.477 0.0820921 -0.06003 36.6042 -737.0994 1230268.8 -35.2250000258
-1451.4065 -1403.1585 95693.0 -32.4522004251 7.51205 0.108535 0.230037 -1445.3369 -1396.9259 61659.5 -31.9749999967
-533.9772 -333.469 94071.0 -32.4336394018 5.67177 0.0370349 -0.0363663 -521.2705 -331.4451 1042317.4 -35.0449999694
387.7503 509.5917 93656.0 -32.4288390134 6.41031 0.15709 0.0201062 382.8827 504.6258 66988.5 -32.0650006331
-1359.0443 -1309.4095 92238.0 -32.4122746939 7.00848 0.0381314 0.182103 -1354.9413 -1305.2026 70469.3 -32.1199998937
-811.9205 501.3053 90008.0 -32.3857027792 8.16205 -0.151402 -0.229718 -817.0822 494.4708 1690440.9 -35.5699999797
450.9088 -824.6901 89821.0 -32.3834447147 5.07502 -0.101351 0.0949684 445.6377 -822.6478 205116.2 -33.2799999053
-1045.7905 -1293.8126 89082.0 -32.3744748973 6.26809 -0.0824863 0.16931 -1045.936 -1283.2093 120781.4 -32.7050001482
317.6868 479.2302 83975.0 -32.3103750313 5.58734 0.145628 0.000185106 313.9633 474.8672 60813.5 -31.9599999977
-137.7643 -329.6602 75223.0 -32.1908766243 4.97502 -0.0204824 -0.0440455 -138.333 -321.5937 80167.8 -32.2599999142
-325.8889 -68.9696 74107.0 -32.1746480813 6.93118 0.350191 0.201338 -322.2325 -63.0942 1241652.3 -35.2349999934
-1382.0889 -1255.0508 72508.0 -32.1509648152 5.50267 -0.0630586 0.182486 -1377.9102 -1251.1277 57016.4 -31.8899994815
-1181.747 -778.2685 54910.0 -31.8491286093 3.81866 0.223843 0.000153555 -1166.0071 -782.9921 30478.9 -31.2099982226
-1404.0314 526.3794 51857.0 -31.7870184715 4.10325 0.207772 -0.173329 -1399.191 521.1417 54954.1 -31.8500002492
-975.0229 557.5245 47442.0 -31.690407473 3.31449 0.0340511 -0.0883434 -967.2904 554.1668 219786.0 -33.3550000628
-323.3196 -57.0796 47168.0 -31.6841186546 7.84931 0.64612 0.0645579 -322.2325 -63.0942 1241652.3 -35.2349999934
300.8426 -1343.1562 42781.0 -31.5781273298 16.7981 0.305003 0.373971 296.9286 -1338.0709 186208.7 -33.1749999203
-1490.3904 12.1846 32362.0 -31.2750883839 3.30763 0.424455 0.0758412 -1464.6052 13.8224 55975.8 -31.870000773
-317.8764 -68.8171 31060.0 -31.2305036285 3.15837 -0.124262 -0.236904 -322.2325 -63.0942 1241652.3 -35.2349999934
-275.7102 -59.4713 30423.0 -31.2080050936 2.21917 -0.00276381 -0.187778 -264.481 -61.486 10617.0 -30.0650045434
-497.495 -501.9691 21051.0 -30.8081818281 1.30165 0.000592512 -0.000858146 -511.8028 -514.903 124165.2 -32.734999731
277.3616 511.6639 19481.0 -30.7240281159 1.11809 -0.000550427 0.111038 237.3721 530.2274 29922.6 -31.1899983176
-1197.2517 -1153.4616 18168.0 -30.648267803 2.68965 -0.637226 -0.1559 -1204.5825 -1144.4666 15275.7 -30.4600028017
-666.2222 -1344.5378 17787.0 -30.6252567627 4.20317 0.0471283 0.0726273 -657.2029 -1340.7259 963829.0 -34.9599999734
-128.993 -576.8183 16189.0 -30.5230500577 1.03473 -0.0786041 0.000621185 -155.7519 -606.475 38904.5 -31.4749995954
-349.4356 14.0714 15829.0 -30.4986336977 1.1194 -0.000625259 0.246839 -366.7496 45.6784 13740.4 -30.3449984394
-269.7011 84.0948 14196.0 -30.3804149767 2.45882 -0.812474 0.142481 -253.4444 87.4554 70794.6 -32.1250003307
-153.0348 -192.6854 13970.0 -30.3629910153 0.922299 0.0152788 0.143437 -163.1041 -222.6655 24547.1 -30.9750004796
7.6474 -542.6731 13678.0 -30.3400564985 3.54551 0.859077 -0.0403008 17.6667 -544.3992 27289.8 -31.0900008821
-297.0476 -1028.4164 13384.0 -30.3164648199 3.40552 0.272585 -0.315573 -301.0451 -1024.1014 891250.9 -34.8749999535
