-817.8133 496.453 2662.64 187.761 2792400.0 65535.0 8.3562 0.040978 -0.0342256 81.0   2.1127 -817.0822 494.4708 1690440.9 123.33270556 -5.55802222
-844.6261 197.2168 2725.89 789.165 2770900.0 65535.0 8.27821 -0.00190796 -0.0301189 81.0   0.5668 -844.1437 196.9192 1770109.0 123.32511944 -5.64067222
-400.7894 257.9368 1830.78 680.635 2715020.0 65535.0 8.25669 0.0211835 -0.0166124 81.0   0.4715 -401.0314 257.5322 1577611.3 123.44880833 -5.62387222
37.5748 -737.3796 979.465 2697.27 2674370.0 65535.0 8.4515 -0.0253505 0.0213591 81.0   1.0102 36.6042 -737.0994 1230268.8 123.57096667 -5.90016944
13.7446 -92.0137 1007.39 1397.7 2496020.0 65535.0 7.92116 0.0143266 -0.026871 81.0   0.3065 13.7701 -92.3191 1419057.5 123.56458889 -5.72106389
-452.9075 -425.3882 1956.88 2054.26 2392480.0 65535.0 7.68438 0.0339787 -0.0214982 81.0   0.1097 -453.0093 -425.4291 1472312.5 123.43425833 -5.81358056
-985.9643 188.3331 3010.61 802.69 2390520.0 65535.0 7.84733 0.0338439 -0.0251291 81.0   0.8672 -985.6209 187.5368 1393156.8 123.28562778 -5.64326111
-509.7811 -282.0789 2066.89 1764.09 2382980.0 65535.0 7.58887 -0.00030987 -0.0190481 81.0   0.3306 -509.5231 -281.8722 1202264.4 123.41848889 -5.7737
-444.1188 -377.3047 1937.7 1957.76 2328250.0 65535.0 7.57321 0.0106626 -0.0222987 81.0   0.2181 -443.9168 -377.387 981747.9 123.4368 -5.80023611
-416.89 -189.4398 1877.07 1580.51 2251990.0 65535.0 7.49157 0.0642474 -0.0179453 81.0   0.4286 -416.8844 -189.0112 1380384.3 123.44435833 -5.74791111
-1455.8111 53.3836 3960.37 1059.81 2091670.0 65535.0 7.61078 0.137748 -0.0360944 81.0   3.2491 -1452.9099 51.921 751622.9 123.15516667 -5.68085556
203.0667 -32.0789 624.517 1282.91 2082040.0 65535.0 7.47149 0.0453504 -0.0233316 81.0   1.0496 202.1728 -32.629 765596.6 123.61718333 -5.70448056
-1032.6112 -197.3538 3116.46 1577.47 2077650.0 65535.0 7.27284 0.0410961 -0.0256394 81.0   0.1377 -1032.7482 -197.3678 1213388.9 123.27241944 -5.75017222
-322.5275 -63.3282 1683.25 1329.61 2073740.0 65535.0 7.25707 0.0189051 -0.0247137 81.0   0.3765 -322.2325 -63.0942 1241652.3 123.47078889 -5.71293889
-685.0048 -391.635 2422.93 1979.18 2039430.0 65535.0 7.19943 0.0181101 -0.0282781 81.0   0.2433 -685.1805 -391.8033 1213388.9 123.36943611 -5.80422222
-1136.4926 457.6288 3305.19 256.08 1949230.0 65535.0 7.48082 0.0549495 -0.0552857 81.0   3.5181 -1134.4817 454.7421 1164126.0 123.24411667 -5.56901667
-584.0025 -678.2746 2228.56 2559.17 1895120.0 65535.0 7.07655 0.0243318 -0.0209584 81.0   0.4869 -584.1681 -678.7325 741310.2 123.39761667 -5.88393333
-544.9606 -1189.5879 2165.86 3589.42 1885220.0 65535.0 7.40014 -0.058899 -0.000207443 81.0   0.8367 -544.9166 -1188.7523 619441.1 123.40853889 -6.02560833
-28.755 468.5387 1075.52 268.247 1830500.0 65535.0 7.47362 0.0139439 -0.0195217 80.0   3.0631 -30.1283 465.8007 981747.9 123.55233611 -5.56603056
-1243.5176 -547.4939 3551.78 2275.65 1816770.0 65535.0 7.27821 0.0758023 -0.00917119 81.0   0.6639 -1242.8616 -547.596 625172.7 123.2137 -5.847425
-766.3465 -219.9061 2581.3 1631.06 1767280.0 65535.0 7.01072 0.0174038 -0.0254465 81.0   0.3081 -766.6455 -219.8317 1037528.4 123.34670833 -5.75644444
-521.3599 -331.2883 2091.72 1862.77 1733200.0 65535.0 6.98065 -0.00134195 -0.0267184 81.0   0.1805 -521.2705 -331.4451 1042317.4 123.41520556 -5.78746944
-1467.5024 114.549 3982.0 936.351 1700660.0 62923.0 7.86935 0.141419 -0.0498871 81.0   4.1175 -1463.8788 112.5938 557185.7 123.15211667 -5.664
-657.5651 -1343.327 2397.25 3895.36 1669680.0 57752.0 7.95938 -0.0959722 0.0320188 81.0   2.6262 -657.2029 -1340.7259 963829.0 123.37716111 -6.06781389
510.8223 -420.3112 17.2078 2073.73 1623340.0 59232.0 8.17197 0.113164 -0.0529454 81.0   3.1876 507.6363 -420.2118 946237.2 123.70248333 -5.81212778
-1038.6689 -681.4973 3143.68 2551.65 1583460.0 65535.0 7.00406 0.0542849 -0.0110964 81.0   0.1175 -1038.6902 -681.6129 1032761.4 123.27069167 -5.88468333
-381.9368 -160.5628 1805.83 1523.47 1581350.0 65535.0 6.89711 0.0164921 -0.0292033 81.0   0.2985 -381.7572 -160.3244 981747.9 123.45416667 -5.73994444
-715.6564 -490.3225 2487.68 2176.85 1529680.0 65535.0 6.85908 0.0286124 -0.0255393 81.0   0.4200 -716.0068 -490.5541 954992.6 123.36081944 -5.83165
-465.4792 9.5226 1968.68 1178.59 1499530.0 65535.0 6.98253 0.0220429 -0.0277789 81.0   0.2384 -465.5138 9.7585 972747.2 123.43079444 -5.69269444
176.3868 -170.8734 682.519 1561.42 1469580.0 59838.0 7.33277 0.0582619 -0.025772 81.0   0.6867 175.7525 -171.1366 527229.9 123.60981111 -5.74295556
-510.178 -36.969 2060.08 1270.78 1341750.0 59823.0 6.92473 0.0255619 -0.0264182 80.0   0.2470 -510.1709 -36.7221 879022.5 123.418325 -5.70560278
242.7542 -309.4561 553.256 1842.37 1339230.0 54461.0 7.45479 0.0608438 -0.0335048 81.0   0.8623 241.8925 -309.4233 801678.1 123.62828056 -5.78136667
-300.9585 -1024.208 1669.67 3264.1 1327170.0 55189.0 7.18152 -0.0271026 -0.0292028 81.0   0.1373 -301.0451 -1024.1014 891250.9 123.47666389 -5.97988611
-169.9384 -1.054 1374.23 1208.98 1308690.0 53592.0 7.19093 0.0255602 -0.0259975 81.0   0.0822 -169.8582 -1.0361 916220.5 123.51332778 -5.69570556
-426.7977 -258.7175 1899.16 1719.63 1178550.0 51245.0 7.12555 0.00979316 -0.0299545 81.0   0.2064 -426.6605 -258.5633 812830.5 123.441625 -5.76723056
-931.1284 -298.6696 2915.37 1784.5 1142170.0 50896.0 7.10975 0.0302311 -0.0279896 81.0   0.3668 -931.494 -298.6399 755092.2 123.300675 -5.77831667
-850.3283 29.8871 2742.56 1125.75 990096.0 42568.0 7.35077 0.0288522 -0.0255191 81.0   0.1223 -850.4443 29.9261 812830.5 123.32334167 -5.68705833
-181.4719 -903.3365 1425.45 3024.52 977781.0 40260.0 7.41452 -0.00334324 -0.0306758 81.0   0.1574 -181.629 -903.3272 744732.0 123.51001944 -5.94634167
85.9053 106.7424 855.996 999.915 964676.0 36086.0 7.70237 0.03357 -0.0126864 81.0   1.0244 85.151 106.0492 783429.6 123.58451389 -5.66596111
-221.9918 -699.2073 1500.66 2612.45 953844.0 39900.0 7.39323 0.0244788 -0.0341559 81.0   0.2995 -221.7148 -699.3211 338844.2 123.49883056 -5.88967222
-467.9256 -250.3385 1981.67 1701.5 953692.0 40961.0 7.37478 0.0197186 -0.0289055 81.0   3.4688 -469.4937 -253.4326 1096478.2 123.42966667 -5.76580278
-335.1823 -756.65 1730.24 2724.57 944725.0 41086.0 7.31507 0.00655815 -0.0282041 81.0   0.3797 -335.1335 -757.0266 765596.6 123.46715556 -5.90569722
-906.4393 -894.8611 2884.19 2985.13 943229.0 38669.0 7.42791 0.015924 0.00597249 81.0   0.0779 -906.4043 -894.9307 711213.5 123.30760556 -5.94395556
-257.4128 -391.3955 1562.39 1991.87 920372.0 38636.0 7.41455 0.0272063 -0.0245206 81.0   0.2570 -257.1759 -391.4952 721107.5 123.48893889 -5.80416389
-1284.7601 -722.068 3640.2 2625.72 903190.0 35320.0 7.91795 0.0836998 0.0187053 81.0   1.2196 -1283.5877 -721.7322 660693.4 123.20229722 -5.89578889
-472.6043 357.0921 1972.23 478.867 897795.0 35526.0 7.59057 0.0172966 -0.0266942 81.0   0.8156 -472.6375 356.2772 779830.1 123.42882778 -5.59643889
-819.2296 488.0907 2665.75 204.547 885265.0 34142.0 7.78183 0.0266415 -0.0380488 81.0   6.7318 -817.0822 494.4708 1690440.9 123.33270556 -5.55802222
-233.2817 -536.4928 1518.33 2284.63 847673.0 36089.0 7.50435 0.0211753 -0.0268782 81.0   0.2817 -233.0933 -536.7023 628058.4 123.49565833 -5.8445
-716.9136 -51.5616 2476.59 1293.78 836030.0 34742.0 7.58489 0.0302236 -0.0239435 81.0   2.1076 -716.6286 -49.4734 827942.2 123.36068889 -5.70912778
-136.7915 -888.8294 1335.08 2996.7 787496.0 31730.0 7.64706 -0.00634784 -0.0285077 81.0   0.0658 -136.8521 -888.8037 628058.4 123.522525 -5.94230833
368.9546 -604.3558 308.431 2439.76 761200.0 26650.0 8.52741 0.0631525 -0.0529479 81.0   2.0785 366.91 -603.982 645654.2 123.6632 -5.86318333
330.3633 -250.0199 375.097 1725.45 758531.0 27980.0 8.19117 0.0577836 -0.0265421 81.0   1.5078 328.8773 -250.2753 613762.0 123.65256389 -5.76493333
-291.1575 -974.7476 1648.41 3164.86 742816.0 29521.0 7.77581 -0.000357934 -0.0204909 81.0   0.3695 -290.9077 -975.0199 467735.1 123.47949722 -5.96625278
-495.5142 -552.4318 2046.57 2308.63 720037.0 30462.0 7.65446 0.025765 -0.0257995 81.0   0.3021 -495.6079 -552.719 633869.7 123.42235556 -5.84893611
-471.1552 -256.7928 1988.37 1714.39 705441.0 28163.0 7.75764 0.00903791 -0.0263245 81.0   3.7485 -469.4937 -253.4326 1096478.2 123.42966667 -5.76580278
-501.2162 -313.5544 2050.63 1827.7 703541.0 29629.0 7.68068 0.0386721 -0.0225753 80.0   0.2620 -501.367 -313.3402 554625.7 123.42076389 -5.78244167
204.6453 -1266.0719 659.646 3766.44 701518.0 20166.0 9.3517 -0.0742943 -0.0858032 81.0   4.0522 201.9805 -1263.0192 628058.4 123.61716389 -6.04625556
107.6796 -339.8756 826.039 1899.43 691570.0 26783.0 7.9176 0.0235263 -0.0252091 81.0   0.1818 107.4979 -339.8819 532108.3 123.59075833 -5.78983056
-1135.5098 -563.1719 3334.9 2310.53 690737.0 26913.0 7.88241 0.0345096 -0.00356107 81.0   0.2295 -1135.2854 -563.1236 575439.9 123.24373611 -5.85175556
-173.4288 -523.105 1397.46 2259.53 661201.0 26180.0 7.937 0.0220362 -0.0284002 81.0   0.2884 -173.1774 -523.2464 496592.3 123.51238889 -5.84076389
-1451.1954 306.9327 3943.21 549.67 607874.0 20064.0 8.78989 0.0886611 -0.0439262 81.0   5.1004 -1447.2042 303.7571 639734.8 123.15680833 -5.61090278
-758.6049 -502.423 2574.49 2199.88 597984.0 24094.0 7.96075 0.0296541 -0.0177 81.0   0.4682 -759.0385 -502.5996 552077.4 123.34880278 -5.83499167
-594.5251 -833.6511 2254.56 2871.55 568458.0 21972.0 8.16224 0.0171422 -0.0222338 81.0   0.3360 -594.8058 -833.8358 332659.6 123.39463333 -5.92701667
-1153.7324 384.3503 3342.16 403.026 559246.0 18980.0 8.60846 0.0407762 -0.0374961 81.0   3.0850 -1151.8293 381.9222 418793.6 123.23926389 -5.58924167
-564.9822 -579.3328 2187.21 2360.63 547921.0 21580.0 8.10097 0.00979324 -0.0214248 81.0   0.3254 -565.067 -579.647 343557.9 123.40295833 -5.85641111
160.0116 -222.9189 717.09 1665.66 526987.0 18702.0 8.54358 0.0299931 -0.0201758 81.0   0.4479 159.5999 -223.0953 501187.2 123.60530278 -5.75738889
-93.8283 -64.2648 1223.02 1338.54 521299.0 19252.0 8.39661 0.0130342 -0.0175423 81.0   0.0142 -93.8325 -64.2512 564937.0 123.53455 -5.71326667
-568.8565 -868.0647 2203.97 2941.6 512031.0 18961.0 8.28098 -0.000927818 -0.0107023 81.0   0.1805 -568.9051 -868.2385 512861.4 123.40186389 -5.936575
-612.6692 -711.7162 2287.29 2625.59 510771.0 19854.0 8.27082 0.00862219 -0.0203792 81.0   0.5715 -613.0152 -712.171 467735.1 123.38955833 -5.89321944
286.9778 270.5474 446.251 676.442 491560.0 15589.0 9.12883 0.0384734 -0.00537572 81.0   3.3157 284.3453 268.5315 414954.0 123.64011111 -5.62082222
-280.6381 -583.9989 1615.11 2378.78 477165.0 17661.0 8.4484 0.010639 -0.0193358 81.0   0.2543 -280.5885 -584.2483 492039.5 123.48239444 -5.85770556
-1367.8431 441.6776 3771.28 281.056 450183.0 13790.0 9.34514 0.0571923 -0.0382592 81.0   5.6130 -1364.0023 437.5844 354813.4 123.18005556 -5.57374444
-280.0557 -393.6799 1608.03 1995.77 447356.0 15872.0 8.62017 0.0111902 -0.0164704 81.0   0.1313 -279.9283 -393.6482 496592.3 123.48258611 -5.80476111
-240.2513 -825.8881 1541.34 2866.84 445013.0 15939.0 8.71613 0.0126602 -0.0167684 81.0   0.6101 -239.8236 -826.3232 420726.6 123.49376944 -5.92495
122.6896 -34.7303 786.359 1285.77 441353.0 14717.0 9.02316 0.0359954 -0.0147661 81.0   0.8451 121.952 -35.1427 331131.1 123.59478889 -5.70518056
388.6276 -221.5264 256.955 1669.9 440331.0 13478.0 9.26706 0.0519947 -0.0176826 81.0   1.9015 386.7684 -221.9254 420726.6 123.668725 -5.75705556
-449.3451 -1396.3023 1979.85 4008.39 439761.0 12261.0 9.62035 -0.0895582 -0.00478405 81.0   2.5756 -449.5989 -1393.7391 465586.1 123.43515 -6.08255556
-401.1431 -257.4354 1847.49 1717.84 439715.0 15936.0 8.78976 0.0242438 -0.0181862 81.0   0.1780 -401.1605 -257.2582 469894.1 123.44874444 -5.76686944
-1429.8782 -7.8326 3910.08 1183.81 437486.0 13792.0 9.21533 0.0783498 -0.0214232 81.0   2.4125 -1427.6824 -8.8319 438530.7 123.16219722 -5.69773611
-512.0531 -754.9052 2086.14 2715.61 435614.0 15817.0 8.64505 0.00371362 -0.0160058 81.0   0.3176 -512.13 -755.2133 467735.1 123.41772778 -5.90518333
-380.7249 -281.9768 1807.16 1767.86 433540.0 15406.0 8.70707 0.013705 -0.0161934 81.0   0.1054 -380.6203 -281.9643 200447.2 123.45447778 -5.77373333
-223.9088 -7.6339 1483.05 1220.56 433275.0 14906.0 8.82456 0.00513462 -0.0170392 81.0   0.2279 -223.7601 -7.4612 463446.9 123.49828056 -5.69748889
-1246.3122 -547.6808 3557.41 2275.94 423287.0 40062.0 10.7718 0.225669 -0.00371617 81.0   3.4517 -1242.8616 -547.596 625172.7 123.2137 -5.847425
-909.4225 538.4722 2845.7 100.373 409866.0 13087.0 9.39247 0.00429999 -0.0415026 81.0   3.3946 -908.1299 535.3333 522396.2 123.3073 -5.54666111
-1180.0651 -199.2133 3413.27 1576.67 408379.0 13748.0 9.07434 0.0317461 -0.0204416 81.0   0.4428 -1179.6244 -199.2566 314774.8 123.23141389 -5.750675
-1094.434 356.3699 3223.69 461.165 402354.0 10825.0 10.1779 0.069018 -0.0687139 81.0   1.6412 -1093.3545 355.1336 394457.3 123.25558056 -5.59669167
487.2073 -301.5158 61.0456 1833.92 400379.0 11190.0 9.7012 0.0590114 -0.0227732 81.0   2.8782 484.3448 -301.8161 332659.6 123.69597222 -5.77924167
-716.9825 -40.6512 2476.39 1271.82 395441.0 13551.0 9.07983 0.0221858 -0.0182276 81.0   8.8293 -716.6286 -49.4734 827942.2 123.36068889 -5.70912778
-1368.4466 387.7076 3774.17 389.655 395224.0 11582.0 9.58812 0.0491956 -0.0363805 81.0   4.9509 -1364.7241 384.4435 354813.4 123.17984444 -5.58850556
-327.0828 -161.02 1695.45 1526.08 394000.0 45405.0 8.44196 0.0334254 0.0291038 70.0   0.7895 -327.6895 -161.5251 450816.7 123.46926111 -5.74028056
-1190.8517 56.505 3427.04 1061.69 393819.0 12788.0 9.20434 0.0279324 -0.020288 81.0   1.2244 -1189.93 55.6989 487528.5 123.22857778 -5.67985278
-1026.6868 42.5462 3097.09 1094.84 393453.0 11469.0 9.49751 0.0416152 0.00863468 81.0   0.5367 -1026.1516 42.5865 279254.4 123.27429444 -5.68351944
-256.7659 251.2143 1541.14 698.601 392157.0 12758.0 9.18991 0.00337846 -0.0179303 81.0   0.5332 -257.2261 250.945 405508.5 123.48894722 -5.62570833
-576.1154 -410.6683 2204.38 2020.84 390897.0 13879.0 8.97818 0.0146127 -0.0156838 81.0   0.3511 -575.7987 -410.8198 210862.8 123.399975 -5.80951389
-592.1109 -884.5046 2251.28 2973.97 388831.0 13208.0 8.98861 -0.00401341 -0.00459004 80.0   0.4699 -592.2046 -884.9651 314774.8 123.39535556 -5.94121944
-212.4345 -494.4556 1475.07 2200.67 388161.0 13033.0 9.049 0.00402093 -0.0162801 81.0   0.2009 -212.2366 -494.4901 381944.3 123.50148333 -5.832775
-1518.2829 431.4149 4074.36 297.076 382045.0 10671.0 9.86813 0.0711807 -0.0339176 81.0   6.7007 -1512.6943 435.1117 27415.7 123.13855556 -5.57440278
-1072.685 -1036.8949 3223.17 3265.86 380943.0 11429.0 9.50082 0.0126857 0.0251869 81.0   1.1846 -1071.8845 -1036.0217 252348.1 123.26136944 -5.983125
-325.3218 -815.7421 1712.23 2843.8 368336.0 12508.0 9.16506 0.0072016 -0.0161454 81.0   0.5377 -325.2966 -815.205 340408.2 123.4699 -5.92185833
-710.9456 438.0785 2449.38 308.535 360588.0 10924.0 9.56714 0.00695186 -0.0292042 81.0   1.1880 -711.7103 437.1693 399944.7 123.36210833 -5.57395
-1512.2871 -177.9637 4081.21 1523.67 359017.0 10316.0 9.83224 0.0674911 -0.0135734 81.0   3.0648 -1509.223 -178.0314 242102.9 123.1394 -5.74471944
-319.7771 -457.7991 1689.96 2123.59 357856.0 10988.0 9.39719 -0.00542716 -0.0108557 81.0   0.4090 -319.4745 -457.524 387257.6 123.47154167 -5.82250278
-1329.5764 -394.9919 3720.24 1966.08 357528.0 10560.0 9.55199 0.0526759 -0.00300765 81.0   0.7295 -1328.8618 -395.1388 204173.8 123.18971389 -5.80506111
-748.775 -166.1976 2544.27 1523.51 344921.0 11054.0 9.18833 0.0171026 -0.0109869 79.0   0.5865 -748.1886 -166.2048 430526.6 123.35186667 -5.74155
-1377.4509 -1089.9211 3838.16 3363.19 338335.0 8298.0 10.3712 0.0376179 0.0477289 81.0   3.9562 -1374.1744 -1087.7039 183653.8 123.17693056 -5.99743056
-1016.7431 297.6258 3069.16 581.784 333467.0 9918.0 9.68097 0.0174777 -0.0200181 81.0   1.4042 -1015.9565 296.4626 396278.0 123.277175 -5.613
-118.7406 -258.6381 1279.19 1728.96 331463.0 9859.0 9.59411 0.014185 -0.0109035 81.0   1.6056 -117.1749 -258.2824 356451.1 123.52803056 -5.76716389
-506.4215 -640.9838 2071.27 2486.51 328859.0 10522.0 9.11814 0.0243195 0.0016411 78.0   0.1885 -506.5883 -641.0718 448745.4 123.41928333 -5.87347778
-1164.3266 556.7234 3358.13 55.789 325339.0 9079.0 10.0282 0.0204171 -0.0308486 81.0   4.8356 -1161.4483 552.8378 156314.8 123.23660556 -5.54176389
-686.2252 468.3587 2398.69 248.356 324945.0 9444.0 9.91852 -0.0028584 -0.0283913 81.0   1.9255 -685.6935 466.5081 242102.9 123.36937222 -5.56580278
62.6804 -291.09 915.086 1799.86 318523.0 9425.0 9.7463 0.0127598 -0.011634 81.0   2.3464 64.7983 -292.1001 297851.6 123.57883611 -5.77655833
-39.4118 -757.6382 1135.03 2735.67 318380.0 9435.0 9.60946 0.0160055 -0.0158739 80.0   0.1341 -39.2814 -757.6695 149279.4 123.549775 -5.90588333
-609.3613 -476.1393 2273.32 2151.58 315880.0 10236.0 9.20929 0.0264685 0.00282072 78.0   0.1530 -609.4852 -476.0496 222843.5 123.39056389 -5.82763056
-636.2366 -466.2553 2327.1 2130.86 312484.0 10017.0 9.60485 0.00676878 -0.0107042 81.0   0.3327 -636.3188 -466.5777 219786.0 123.38307222 -5.82499722
-255.5733 -922.9944 1575.19 3061.8 309225.0 9163.0 9.81357 8.42432e-05 -0.0148424 81.0   0.3406 -255.2982 -923.1951 208929.6 123.48944444 -5.95185833
-70.1407 -25.3344 1174.14 1260.92 302506.0 8568.0 9.9458 0.0168519 -0.00880993 81.0   0.1359 -70.1421 -25.4703 242102.9 123.54116389 -5.70249444
448.9743 -823.8402 154.204 2883.95 299762.0 7090.0 10.7251 0.0270314 -0.0398423 81.0   3.5433 445.6377 -822.6478 205116.2 123.68519722 -5.92391944
-633.8203 -1360.2898 2349.99 3930.23 297766.0 7301.0 10.3175 -0.0255262 0.00950616 80.0   1.9727 -633.61 -1358.3284 151356.1 123.38375 -6.07270556
-23.4776 -1205.3418 1116.86 3637.19 296569.0 7611.0 10.501 -0.0379373 -0.0295829 81.0   1.9143 -24.5247 -1203.7393 353183.2 123.55389444 -6.02979167
-754.8933 -209.5844 2557.93 1610.64 295314.0 8940.0 9.4751 0.0221992 -0.0305838 78.0  15.5923 -766.6455 -219.8317 1037528.4 123.34670833 -5.75644444
-188.557 -307.7302 1421.22 1825.61 294521.0 8978.0 9.52369 0.028088 0.00606371 78.0   0.3329 -188.398 -307.4377 383707.2 123.50814444 -5.78081667
-642.7782 -113.9928 2329.33 1421.71 293416.0 9129.0 9.51859 0.0307514 0.00649402 78.0   0.2596 -642.9258 -113.7792 223872.1 123.38125833 -5.72699722
-680.2956 -1148.2569 2436.94 3502.07 289222.0 7632.0 10.1655 -0.0138376 0.00287081 81.0   0.6197 -679.9811 -1147.723 181970.1 123.37081667 -6.0142
-238.8409 -71.0607 1515.07 1347.75 286254.0 8192.0 9.7625 0.0237523 -0.000417439 79.0   0.5439 -238.3005 -71.1228 211836.1 123.49421944 -5.71517222
-216.1654 230.3124 1460.08 741.918 283811.0 7606.0 10.179 0.00720098 -0.00897384 81.0   0.3827 -216.0432 229.9497 187068.2 123.50044167 -5.63154167
-445.994 -139.442 1934.09 1478.99 281801.0 7787.0 10.0721 0.00609941 -0.00725787 81.0   0.1980 -445.8588 -139.2973 194088.6 123.43627222 -5.7341
-1395.7437 284.8018 3832.3 595.918 280962.0 7013.0 10.378 0.0655474 -0.0187355 80.0   4.3132 -1392.5128 281.9443 144544.0 123.17206944 -5.61697222
173.069 -1325.0032 725.023 3884.07 280819.0 5765.0 11.1663 -0.047132 -0.0440291 81.0   4.6276 170.3124 -1321.2863 121338.9 123.60831944 -6.06244167
-616.4738 399.2509 2260.46 389.588 278193.0 7859.0 9.60332 0.0298455 -0.00721554 76.0   1.2035 -616.7498 398.0795 217771.0 123.38860833 -5.58481667
157.7925 -1393.3593 757.889 4021.17 274438.0 5591.0 11.172 -0.0598838 -0.0530207 80.0   4.9493 154.8837 -1389.355 192309.2 123.60401111 -6.08135
-1267.5632 234.0845 3575.91 701.938 270860.0 6785.0 10.3913 0.0384603 -0.0259446 80.0   3.4635 -1264.4505 232.5659 254683.0 123.20780556 -5.63071111
-706.8644 83.2865 2452.18 1022.7 266304.0 7615.0 9.6994 0.0388915 0.000854332 77.0   0.3212 -706.634 83.5103 155596.6 123.36349167 -5.67218889
-1285.4397 -509.528 3634.97 2197.95 263916.0 6748.0 10.3586 0.0496438 -0.00113232 80.0   1.1491 -1284.3188 -509.7813 173780.1 123.20213056 -5.83691389
-1041.8749 -1165.2842 3165.15 3525.2 261891.0 6033.0 10.8412 -0.00300253 0.022015 81.0   1.8912 -1040.5091 -1163.9759 126473.6 123.27011389 -6.01867222
234.3985 -475.234 575.218 2175.75 258725.0 6953.0 10.0113 0.051644 -0.00361079 77.0   1.0335 233.3869 -475.0224 155596.6 123.62591111 -5.82736667
-1137.2474 -235.327 3328.22 1650.67 258136.0 7263.0 9.8655 0.0521414 0.000721203 77.0   0.1310 -1137.1393 -235.253 139315.7 123.24326944 -5.76068056
510.2728 -602.6349 23.9734 2440.65 255541.0 5862.0 10.499 0.0644648 -0.0559384 77.0   3.7698 506.5962 -601.8017 153461.7 123.70220556 -5.86256944
189.4049 -1225.8243 689.068 3684.97 255487.0 5158.0 11.349 -0.0163839 -0.033853 81.0   4.2955 186.2422 -1222.9177 153461.7 123.61276667 -6.03511667
399.1341 159.363 223.987 903.662 253726.0 6050.0 10.1202 0.0551609 -0.00333279 76.0   3.6259 395.8754 157.7731 139958.7 123.67124722 -5.65158333
62.1177 -1183.123 943.909 3595.11 251967.0 5663.0 10.9522 -0.0226903 -0.0355842 80.0   1.5688 61.2294 -1181.83 157036.3 123.57784722 -6.02370556
507.1913 -498.4217 26.94 2230.82 249990.0 5576.0 10.5991 0.052776 -0.0399947 78.0   2.8878 504.3041 -498.3611 152054.8 123.70155833 -5.83383611
-84.8586 -159.0316 1207.91 1529.54 246806.0 6734.0 9.60141 0.0437319 -0.028025 74.0   0.5274 -84.336 -158.9608 143879.9 123.5372 -5.739575
-1493.3491 -477.0045 4052.38 2126.09 245688.0 5840.0 10.1967 0.0731154 0.000722507 76.0   2.7689 -1490.6084 -476.6105 197697.0 123.14453611 -5.82766111
-389.2939 -46.0004 1817.08 1292.68 245394.0 6623.0 9.79716 0.0324616 -0.00964858 76.0   0.4144 -388.893 -45.8957 124738.4 123.45218056 -5.70815833
-1212.1103 563.9798 3454.07 39.7132 240357.0 5633.0 10.2363 0.0424074 -0.0235736 76.0   5.5305 -1209.0088 559.4008 178648.8 123.22333333 -5.53993333
-1122.463 190.745 3285.24 793.631 239418.0 6270.0 9.90803 0.0500592 0.015205 75.0   1.3091 -1122.6347 189.4472 162929.6 123.24738333 -5.64271111
-276.2224 -1409.8656 1631.86 4041.02 239186.0 5018.0 11.0235 -0.0778615 -0.0194566 79.0   2.9817 -276.8836 -1406.9581 103276.1 123.48339722 -6.08623611
-385.3756 513.7018 1791.82 166.368 235986.0 5661.0 10.3866 -0.00774119 -0.0111409 77.0   3.7956 -384.906 509.9354 183653.8 123.45332222 -5.55376111
-764.434 357.7277 2559.52 468.598 234479.0 6529.0 9.28741 0.0113709 0.00405891 71.0   3.6281 -761.5537 355.5215 283139.2 123.34818889 -5.596625
-250.5446 -1409.1198 1580.16 4040.31 227163.0 4683.0 10.8731 -0.046044 -0.0329964 77.0   2.7826 -252.2928 -1406.9548 178648.8 123.49026667 -6.08623611
-945.7037 -608.4789 2954.32 2407.56 222766.0 6428.0 9.1713 0.0270044 0.00704382 70.0   0.1672 -945.8561 -608.5476 104231.7 123.296625 -5.8644
-849.0273 -1009.9343 2772.22 3218.49 221801.0 5785.0 9.45654 0.0287364 0.0401004 71.0   0.1790 -848.8662 -1009.8562 137404.2 123.32366111 -5.97588611
-516.8019 568.357 2054.62 52.3227 218867.0 5177.0 10.1579 -0.0453829 0.0167951 74.0   2.6145 -516.6486 565.747 146554.8 123.41655833 -5.53825
-1106.2408 -1122.862 3293.37 3437.84 218772.0 5112.0 10.2908 0.0687112 0.0767848 73.0   2.2705 -1104.7971 -1121.1097 118032.1 123.25216389 -6.00675556
-246.3131 499.3861 1512.4 199.463 218626.0 5386.0 9.65487 0.0377701 0.0292073 71.0   2.1270 -247.0645 497.3963 120781.4 123.49179167 -5.55725
-135.573 -785.4944 1329.42 2788.77 217620.0 5918.0 9.29764 -0.0164986 0.0126206 70.0   0.2821 -135.3173 -785.6136 127057.4 123.52295556 -5.91364444
-119.5874 -1070.946 1306.11 3363.75 214975.0 5138.0 9.94915 -0.0386503 -0.0224646 73.0   0.7836 -119.9325 -1070.2426 127643.9 123.52724722 -5.99270833
-925.3796 -601.1419 2913.19 2393.42 210479.0 5723.0 9.21414 0.0810725 0.0215598 69.0   0.4332 -925.6954 -601.4384 133659.6 123.30225556 -5.86242778
-965.5218 555.8793 2958.06 63.6119 207891.0 4830.0 9.99014 0.0498453 -0.034889 72.0   2.4618 -967.2904 554.1668 219786.0 123.29079167 -5.54142222
-1248.2665 -1034.0173 3576.44 3254.66 206675.0 4496.0 10.2745 0.0130629 0.0847148 72.0   2.3722 -1246.4016 -1032.5511 127057.4 123.21262778 -5.98213333
-1216.8473 -398.4787 3493.48 1976.57 206130.0 5297.0 9.41647 0.0610058 0.0250893 69.0   0.4596 -1216.8673 -398.0195 131220.0 123.22098333 -5.80588056
63.8069 11.0453 903.44 1191.83 202092.0 4789.0 9.65874 0.0231916 0.00747162 70.0   0.7544 63.2655 10.5199 124738.4 123.57840556 -5.69249722
-1380.2542 -104.1088 3813.2 1379.1 201745.0 4766.0 9.9501 0.108769 -0.0265127 71.0   1.9075 -1378.4921 -104.8393 138038.4 123.17591111 -5.72441389
-1413.7026 390.8662 3865.15 381.904 201530.0 4578.0 10.096 0.106561 -0.0576987 71.0   5.6768 -1409.5518 386.9937 139315.7 123.16733333 -5.58778889
161.7415 476.3051 691.903 258.485 199556.0 4475.0 9.88184 0.0616611 -0.00771112 70.0   4.1819 159.2254 472.9648 131825.7 123.60518333 -5.56403889
-935.5856 586.9059 2896.85 2.09129 197132.0 6712.0 7.94333 0.351115 -0.00269144 55.0   3.1650 -933.9403 584.2021 163681.7 123.30010278 -5.53308333
38.7367 -648.5097 974.368 2518.45 195548.0 5288.0 8.85589 0.024416 -0.00176987 65.0   0.8211 38.078 -648.0195 98627.9 123.57137778 -5.875425
88.1444 -82.2341 857.356 1380.31 194650.0 4866.0 9.33724 0.0811305 0.0391741 67.0   0.4890 87.79 -82.571 131220.0 123.58525278 -5.71835556
-1398.3083 -185.163 3852.05 1541.67 194566.0 4547.0 9.80799 0.157856 -0.034025 69.0   2.3145 -1396.0987 -185.8518 124165.2 123.17098056 -5.74691389
130.8407 -1261.6166 808.04 3755.2 194105.0 3939.0 10.5149 -0.0640975 -0.0996489 71.0   2.2381 129.0581 -1260.2632 156314.8 123.59679444 -6.04549167
-811.343 468.0589 2650.5 245.105 192597.0 4675.0 9.31584 -0.0148222 -0.0559573 67.0   1.4353 -811.5774 466.6429 245470.9 123.33423889 -5.56575278
-460.7782 -322.3116 1969.52 1846.57 189815.0 5163.0 8.93035 0.0446319 0.00106302 65.0   0.1192 -460.7825 -322.4307 134896.3 123.43209444 -5.78496944
279.9895 -1224.8949 506.737 3685.89 189051.0 3532.0 10.9288 -0.0611362 -0.10836 72.0   4.4748 276.828 -1221.728 110662.4 123.63806944 -6.03478333
-432.217 401.2355 1889.58 391.27 188956.0 5029.0 8.68817 0.0882581 0.0272406 63.0   1.2514 -432.3894 399.996 139958.7 123.44006389 -5.58429722
-997.7098 -1056.81 3072.9 3308.25 188491.0 4493.0 9.5174 0.0704047 0.0838428 67.0   0.9633 -997.0142 -1056.1437 118576.9 123.28227778 -5.988725
-1505.0124 -162.1957 4066.08 1492.16 188099.0 4294.0 9.66329 0.148354 -0.0311284 67.0   2.9489 -1502.2888 -163.3262 124738.4 123.14133889 -5.74063611
207.1739 -490.1546 630.471 2204.94 187302.0 4432.0 9.40327 0.0280124 -0.0480026 67.0   0.5211 206.7139 -490.3995 108143.4 123.61846389 -5.83163889
-904.9605 -605.7684 2872.24 2403.36 185518.0 5044.0 8.74597 0.0843364 -0.0168656 64.0   1.1797 -905.7877 -606.6095 108143.4 123.30781389 -5.86386667
385.614 -950.0537 285.635 3136.01 184549.0 3802.0 10.2319 -0.00707567 -0.0985311 69.0   2.9111 383.0394 -948.6951 106659.6 123.66772222 -5.95893611
-1174.5852 -781.9153 3420.33 2749.56 182869.0 4479.0 9.37786 0.132115 0.02193 66.0   8.6455 -1166.0071 -782.9921 30478.9 123.23512222 -5.912825
-369.3443 -1268.1646 1814.87 3752.97 182551.0 4003.0 9.6563 -0.147049 0.000708036 67.0   1.2947 -369.6349 -1266.9028 114815.4 123.45749444 -6.04732778
-409.2313 139.6911 1851.44 918.351 182284.0 4746.0 8.90189 0.0874912 0.0198351 64.0   0.0339 -409.1987 139.7005 149968.5 123.44652222 -5.65660278
-993.3032 -56.5027 3032.98 1295.21 182223.0 8878.0 8.27204 -0.0429621 -0.0457825 61.0   0.1154 -993.2959 -56.6179 131825.7 123.28345278 -5.71108056
-920.856 -802.6073 2910.34 2799.02 181928.0 4626.0 9.01126 -0.00945334 0.0252472 65.0   0.2593 -920.6698 -802.4268 121338.9 123.30363333 -5.91825833
-833.9985 -1071.3174 2743.88 3342.49 181217.0 4421.0 9.15245 0.0343724 0.0543727 65.0   0.5111 -833.6537 -1070.9401 86297.9 123.32790278 -5.99285556
-1354.7416 -408.9966 3771.32 1993.49 179804.0 4325.0 9.2356 0.146572 0.00155267 65.0   1.3699 -1353.3861 -409.1949 100461.6 123.18286389 -5.80896111
-45.8937 -123.8225 1128.4 1459.88 178971.0 4378.0 9.20887 0.0358043 -0.0381567 65.0   0.3061 -45.602 -123.7296 127057.4 123.54801389 -5.72978889
-334.6066 586.4094 1687.39 21.6037 176653.0 4237.0 8.96669 -0.00614676 0.0175431 63.0   2.9339 -335.3216 583.564 126473.6 123.46716389 -5.53331111
-899.8771 84.2426 2840.59 1014.83 176437.0 4489.0 8.77842 -0.0116263 -0.0418868 63.0   0.3934 -899.4854 84.2056 113240.0 123.30965833 -5.671975
-1015.4258 -112.8149 3079.25 1407.86 176134.0 4442.0 8.96384 0.0253504 -0.0184462 64.0   0.0848 -1015.3481 -112.8488 108642.6 123.27728889 -5.72669722
-16.7798 -1154.0954 1101.79 3534.26 175246.0 4113.0 9.51916 -0.0972239 -0.0890204 65.0   1.4279 -17.5439 -1152.8892 105196.2 123.55584444 -6.01566667
-81.7863 -1063.3813 1229.8 3349.69 174359.0 4128.0 9.21588 -0.0211665 -0.0849799 64.0   0.7238 -82.2994 -1062.8708 108143.4 123.53775833 -5.99066111
-156.4775 -662.4192 1367.67 2540.43 173297.0 4832.0 8.32248 0.0642462 0.0268867 60.0   0.4253 -156.1455 -662.685 110153.9 123.51714167 -5.87949722
-221.9977 -1118.8973 1513.7 3457.1 173090.0 4257.0 8.84236 -0.0907538 -0.0712976 62.0   0.5920 -222.305 -1118.3913 108642.6 123.49865278 -6.00608056
358.4937 -765.6939 334.492 2764.14 172260.0 3626.0 9.8491 0.032934 -0.0947749 66.0   2.1823 356.357 -765.2502 78343.0 123.66026111 -5.90798056
-242.2654 -50.0653 1521.31 1305.39 169999.0 4144.0 9.0983 0.0944153 0.0403315 63.0   0.6239 -242.6413 -50.5633 144544.0 123.49300833 -5.70946111
-341.2997 -680.2589 1740.18 2570.64 167640.0 4453.0 8.38431 0.0513055 -0.0382705 60.0   0.7099 -341.035 -680.9176 110153.9 123.46551111 -5.88455556
-1452.7802 -1107.2873 3990.3 3395.82 165844.0 3341.0 9.94672 0.0677649 0.135727 64.0   4.9445 -1448.7621 -1104.4059 77268.1 123.15609444 -6.00205556
-1348.3255 -101.4289 3748.86 1374.69 165750.0 4022.0 9.08965 0.193551 -0.0515071 62.0   1.7911 -1346.7032 -102.1883 89536.5 123.18478611 -5.72368333
-1086.5321 72.4815 3216.6 1032.75 164208.0 4319.0 8.36451 0.0309198 -0.0454514 59.0   0.7225 -1086.1705 71.856 125314.1 123.25754444 -5.67538056
-355.5595 591.8135 1729.39 10.0823 161910.0 4047.0 8.49092 0.0601127 0.0323135 59.0   3.1876 -355.9559 588.6506 123026.9 123.46140556 -5.53189722
-325.9733 -252.275 1696.05 1709.77 160687.0 4094.0 8.45593 0.0972927 -0.0447755 59.0   0.4864 -325.6353 -252.6248 108143.4 123.46983056 -5.76558611
-805.7778 -1161.0145 2689.87 3523.88 159562.0 3805.0 8.7356 -0.0500224 0.0601915 60.0   1.0703 -805.2236 -1160.0989 99083.2 123.33583333 -6.017625
-1522.4987 351.0227 4085.34 458.74 159268.0 3463.0 9.41108 0.156208 -0.0805277 62.0   1.3933 -1521.2029 351.5347 21281.4 123.13616389 -5.59761667
-254.3673 -806.6066 1569.15 2827.6 157195.0 4154.0 8.207 0.093274 -0.0290336 58.0   1.2042 -253.5125 -807.4548 80537.8 123.48994722 -5.91970833
-829.391 -726.3921 2723.9 2648.45 156419.0 4315.0 7.99328 0.0746716 0.00743194 57.0   0.4955 -829.2208 -726.8574 111173.2 123.32918056 -5.89727778
-880.4961 -77.6126 2806.61 1341.17 156124.0 4308.0 7.69189 0.00735522 -0.00761041 55.0   0.2958 -880.7086 -77.4068 140604.8 123.31488056 -5.71686944
-723.1134 436.3972 2473.92 311.544 155130.0 3796.0 8.35835 0.0665507 -0.0378365 58.0   2.0176 -721.6523 435.0059 158489.3 123.35933333 -5.57455
169.1106 -1300.2546 732.221 3834.14 154698.0 3162.0 9.52344 -0.152932 -0.0937166 61.0   3.8411 166.6251 -1297.326 101391.1 123.60728889 -6.05578611
-1333.8476 -844.8333 3742.8 2871.28 153954.0 3759.0 8.36922 0.0706712 0.0591825 57.0   1.7056 -1332.2875 -844.1443 118032.1 123.188675 -5.92978333
51.7187 -1377.6567 970.876 3986.3 153917.0 3013.0 9.64315 -0.0773812 -0.113233 62.0   4.7025 49.5394 -1373.4897 96827.8 123.57458333 -6.07694444
-620.7747 93.717 2278.6 1004.36 152736.0 4250.0 7.78081 0.0437789 -0.0351605 55.0   0.3937 -620.3815 93.698 99540.5 123.38756944 -5.66936667
-8.8195 540.3623 1033.17 124.312 152323.0 3492.0 8.72887 0.101761 0.0334951 59.0   3.5812 -10.1831 537.0509 94189.0 123.55790278 -5.54623889
405.3642 -323.9505 226.452 1876.55 151913.0 3449.0 9.11881 0.197614 -0.0384143 60.0   1.9872 403.3939 -324.2087 99083.2 123.67337222 -5.78546667
413.2661 -983.0754 231.01 3203.32 151887.0 3059.0 9.89584 0.100935 -0.152946 62.0   4.0682 409.7378 -981.0503 85901.4 123.67518056 -5.96792222
298.2328 -1344.503 473.735 3927.17 149969.0 2835.0 10.1174 -0.121207 -0.151897 62.0   6.5630 296.9286 -1338.0709 186208.7 123.64368889 -6.0671
-860.5326 183.4304 2758.33 816.421 149723.0 3717.0 8.42405 0.0901082 -0.0368195 58.0   1.1918 -859.3941 183.7829 219786.0 123.32086111 -5.64431944
265.3822 -587.949 516.362 2403.55 148737.0 3645.0 8.55622 0.0693495 -0.0817064 58.0   0.8563 264.5304 -588.0362 87498.4 123.63461111 -5.85875833
-887.7331 297.8281 2809.52 585.351 146632.0 3764.0 7.89688 0.0440887 -0.0351393 55.0   1.1257 -886.9085 297.0617 108642.6 123.31319444 -5.61285
-440.9232 -179.8701 1925.14 1560.51 146373.0 4022.0 7.92337 0.0875664 -0.0195925 55.0   0.1983 -440.7557 -179.9762 84333.5 123.43769444 -5.7454
-400.4965 -1045.4329 1870.65 3303.75 146213.0 3867.0 7.89361 -0.0425895 0.0308488 55.0   0.2492 -400.7457 -1045.4286 99540.5 123.44881667 -5.98580556
-381.8062 268.1152 1792.26 660.735 144856.0 3693.0 7.9436 0.00734957 -0.00522082 55.0   1.4181 -382.7814 267.0857 243220.4 123.45390278 -5.62121944
-1047.759 -1284.7448 3180.7 3765.44 144106.0 3404.0 8.28164 0.0274288 0.09604 55.0   2.3834 -1045.936 -1283.2093 120781.4 123.26858056 -6.05179167
-564.786 -106.2601 2172.13 1408.55 143780.0 3681.0 7.97452 0.0901656 -0.0432964 55.0   0.1924 -564.6705 -106.1063 106169.6 123.40310556 -5.72487222
-1365.9373 -293.6234 3790.27 1760.95 141718.0 3536.0 8.31682 0.269292 -0.0176857 55.0   1.6141 -1364.3568 -293.9513 89536.5 123.17982222 -5.77694722
421.6301 395.9272 171.37 428.256 140333.0 3128.0 8.83642 0.171523 0.0578486 57.0   5.5317 417.7556 391.979 65463.6 123.67734167 -5.586525
-1381.066 539.9751 3794.84 82.8193 139523.0 3235.0 8.34375 0.073775 -0.0867905 55.0   7.2284 -1376.1485 534.6772 98627.9 123.17668333 -5.54677222
30.5066 425.6468 957.587 356.395 139235.0 3073.0 9.08085 0.149007 -0.079387 57.0   2.6792 30.1556 422.9907 118576.9 123.56916111 -5.57792222
-688.4901 -911.435 2446.08 3025.2 139064.0 3839.0 7.50293 0.0693089 0.0381206 52.0   0.1191 -688.6052 -911.4655 95060.5 123.36843056 -5.94857222
369.216 -388.3976 301.201 2005.14 138325.0 3430.0 8.23286 0.212718 -0.0764504 54.0   1.7995 367.4165 -388.3919 75857.8 123.66333056 -5.80329722
-511.7499 -513.9484 2078.05 2230.68 137444.0 3838.0 7.58513 0.0157947 -0.0480288 52.0   0.9561 -511.8028 -514.903 124165.2 123.41783611 -5.83843056
237.952 550.0648 536.239 112.387 136607.0 3047.0 8.52336 0.079689 0.052156 56.0   6.0283 234.6864 544.9977 89125.1 123.62624167 -5.54402778
304.0565 -1341.0947 461.909 3920.49 134084.0 2643.0 9.4294 -0.1075 -0.163843 57.0   7.7428 296.9286 -1338.0709 186208.7 123.64368889 -6.0671
-1418.1799 -928.9292 3915.13 3037.93 133620.0 3095.0 8.6927 0.270529 0.112502 54.0   3.2434 -1415.352 -927.3409 85901.4 123.16546111 -5.95287778
118.8048 -1175.4331 829.587 3581.38 133351.0 3074.0 8.56033 -0.0645539 -0.155725 54.0   2.5756 117.1 -1173.5025 60534.1 123.59345278 -6.02139167
485.5704 -809.427 80.1065 2856.07 133165.0 2950.0 9.02475 0.113649 -0.174395 55.0   3.6482 482.0955 -808.316 73790.4 123.69537778 -5.91993611
-1493.936 347.0689 4027.98 467.577 133089.0 3428.0 7.6702 0.101991 -0.0571494 51.0   6.0818 -1489.1804 343.2778 104712.9 123.1451 -5.59991667
-40.1114 -405.2763 1125.5 2026.5 131852.0 3612.0 7.47474 0.091119 -0.0108473 51.0   0.4686 -39.7459 -405.5695 87902.3 123.54964722 -5.80807778
-55.9997 -1210.7836 1182.48 3647.14 131740.0 3189.0 8.14275 -0.121487 -0.0906389 53.0   2.1769 -57.1731 -1208.9499 82413.8 123.544775 -6.03123889
469.9161 -456.3301 100.65 2144.96 130900.0 3092.0 8.39103 0.19533 -0.0881997 53.0   2.7095 467.2068 -456.3623 66374.3 123.69119722 -5.82217222
-651.2153 -676.7842 2363.78 2554.1 130515.0 3782.0 7.03902 0.0672702 -0.00365777 49.0   0.5438 -651.3429 -677.3128 76913.0 123.37885833 -5.88353333
-397.9011 433.4145 1819.52 327.565 129768.0 3389.0 7.43926 0.0269922 -0.0179575 51.0   1.4638 -397.8203 431.9529 99540.5 123.44971389 -5.57542222
-252.3094 435.5212 1526.45 327.81 129323.0 3451.0 7.32913 0.0690397 -0.018712 50.0   1.8931 -252.9092 433.7256 92045.0 123.49015833 -5.57493611
265.3201 -194.5798 504.276 1611.87 128709.0 3301.0 7.71088 0.209061 -0.0335827 51.0   1.0301 264.3823 -195.006 74131.0 123.63455556 -5.74958333
-703.9104 452.9456 2434.76 278.831 128488.0 3460.0 7.21037 0.0604294 -0.0482151 49.0   2.0820 -703.7228 450.8721 121338.9 123.36433889 -5.57014444
-1313.8479 -1042.2905 3708.68 3269.29 128030.0 3020.0 8.08989 0.00634611 0.102657 52.0   3.1700 -1311.371 -1040.3121 79067.9 123.19448056 -5.98427778
-385.8377 -1080.2584 1842.23 3374.29 126165.0 3467.0 7.1863 -0.0504457 -0.0177311 49.0   0.3096 -385.7114 -1079.9757 75857.8 123.45301389 -5.99540278
-748.16 -1210.8293 2575.46 3625.91 125305.0 3085.0 7.75396 -0.0901213 0.0599302 51.0   1.2125 -747.7828 -1209.677 79067.9 123.35187222 -6.03140278
-148.236 -643.9333 1350.51 2503.48 124381.0 3434.0 7.19107 0.0259813 -0.0177732 49.0   0.5589 -147.9203 -644.3945 83176.4 123.51943889 -5.87441667
-1048.1925 -1125.2032 3176.62 3444.34 123834.0 3154.0 7.73504 0.0145803 0.121983 50.0   2.0373 -1046.8752 -1123.649 68865.2 123.26834167 -6.00746944
-616.1083 -857.6081 2298.74 2919.1 123789.0 3362.0 7.19163 0.0663758 -0.00128394 49.0   0.4228 -616.5019 -857.7623 95499.3 123.38857222 -5.93366111
-769.3725 517.1492 2564.51 147.601 123759.0 3264.0 7.23207 -0.0213234 -0.0457403 49.0   2.4232 -768.8673 514.7792 95060.5 123.34616389 -5.55238611
-846.295 -221.2888 2742.24 1631.38 123106.0 3665.0 6.92198 0.0717025 -0.0336519 47.0   0.2199 -846.5101 -221.243 89125.1 123.32441111 -5.75682778
-866.1324 -626.7685 2794.75 2446.82 122167.0 3625.0 6.89056 0.0763391 -0.02128 47.0   0.3157 -866.446 -626.7325 90364.9 123.31879722 -5.86946111
-363.9726 -860.6753 1791.41 2933.04 122144.0 3525.0 6.86839 0.0975132 -0.0616278 47.0   0.2943 -363.8714 -860.9516 85901.4 123.459125 -5.93456389
-878.7725 -233.8104 2807.99 1655.58 122035.0 3628.0 6.91977 0.0384299 -0.014354 47.0   0.3374 -879.1095 -233.8266 91201.1 123.31530833 -5.76031944
200.7198 564.8919 610.709 81.3998 121823.0 2930.0 7.58788 0.0462326 0.0520396 50.0   4.1994 197.7614 561.9115 93325.4 123.61593611 -5.53933056
-271.2951 -1299.5672 1618.52 3819.19 121461.0 2963.0 7.88922 -0.231644 -0.0470488 50.0   1.9022 -271.7378 -1297.7173 83946.0 123.48483889 -6.05589167
-1082.586 -892.0617 3238.6 2974.07 119556.0 3349.0 7.09837 0.0833849 0.0830656 47.0   0.7493 -1081.8781 -891.8163 86297.9 123.2586 -5.94306667
-240.7843 -950.7971 1546.29 3118.21 119104.0 3309.0 6.97703 -0.0449767 -0.0568943 47.0   0.0175 -240.7735 -950.7833 88308.0 123.4935 -5.95952222
-1231.1604 -1174.6708 3546.38 3538.26 118097.0 2888.0 8.15368 0.0355176 0.182615 49.0   3.6420 -1228.6722 -1172.0112 86696.2 123.21755556 -6.020875
-833.7775 -1239.3092 2748.65 3680.59 116936.0 3011.0 7.4496 -0.042022 0.0925383 48.0   1.4809 -833.1661 -1237.9604 72110.7 123.32801944 -6.03925
-86.4 -118.0477 1209.74 1447.01 116739.0 3267.0 6.85087 0.116872 -0.0380897 46.0   0.1131 -86.4372 -117.9409 91622.0 123.53661389 -5.72818056
-123.1221 -1004.1498 1311.15 3229.21 116447.0 3254.0 6.91867 -0.0838444 -0.0802719 46.0   0.4991 -123.4374 -1003.7629 84333.5 123.52626944 -5.97424167
-768.1325 26.0273 2577.26 1136.05 115337.0 3299.0 6.66131 0.0387788 -0.0667774 45.0   0.1184 -768.2494 26.0083 93756.2 123.34628611 -5.68815556
122.284 -1226.7126 824.177 3684.69 115166.0 2806.0 8.08709 -0.14218 -0.187851 48.0   2.8917 120.5578 -1224.3927 76559.7 123.59441944 -6.03552778
42.6748 -742.7523 969.368 2708.24 114543.0 3425.0 9.66874 -0.284232 0.138429 49.0   8.2950 36.6042 -737.0994 1230268.8 123.57096667 -5.90016944
-1261.3733 -147.5649 3575.3 1470.22 114408.0 3201.0 6.99727 0.190284 -0.0628852 46.0   1.8304 -1259.999 -148.7739 102329.3 123.20898333 -5.73663889
-1139.1624 -687.8106 3346.12 2561.26 112937.0 3221.0 6.77977 0.115935 0.013334 45.0   0.5254 -1138.6671 -687.9862 95940.1 123.24277222 -5.88643889
-133.918 -1166.9291 1337.93 3556.48 112764.0 2922.0 7.24476 -0.148323 -0.0952952 47.0   1.2087 -134.4065 -1165.8235 59429.2 123.52320278 -6.01925833
333.0139 -739.9778 384.972 2711.6 111885.0 2958.0 7.23008 -0.0150325 -0.134238 46.0   1.8864 331.1955 -739.4759 71449.6 123.65323333 -5.90082222
-504.6312 -1409.7146 2091.53 4033.68 111569.0 2792.0 7.39463 -0.318687 0.0163299 46.0   2.9025 -504.6145 -1406.8121 71779.4 123.41978056 -6.08618333
-1231.58 -1190.637 3547.72 3570.38 110379.0 2722.0 7.68841 0.0232861 0.166312 47.0   3.4219 -1229.249 -1188.1317 68548.8 123.21739167 -6.02535278
-1275.6558 -1231.1316 3637.68 3650.52 110113.0 2743.0 7.49817 0.0394949 0.160303 46.0   4.1575 -1272.9111 -1228.0088 78704.6 123.20518889 -6.03642222
-524.6955 -472.2944 2102.81 2146.45 109155.0 3310.0 6.42247 0.0939363 -0.0293739 43.0   0.9978 -523.8707 -472.856 91622.0 123.41446944 -5.82675
17.6583 106.9563 993.337 997.382 108942.0 3078.0 6.67825 0.102562 -0.0518364 44.0   0.5532 17.4335 106.4508 89125.1 123.56561111 -5.66585
-756.862 354.2248 2544.39 475.881 108636.0 3154.0 6.46337 0.0210613 -0.0537691 43.0   4.8676 -761.5537 355.5215 283139.2 123.34818889 -5.596625
-418.8063 170.2871 1869.76 856.48 108259.0 3231.0 6.45994 0.0310969 -0.0418502 43.0   0.1385 -418.8078 170.1486 82413.8 123.44384167 -5.64814444
-1181.8891 326.5446 3400.62 518.496 107664.0 3005.0 6.84067 0.154795 -0.0921683 44.0   2.8897 -1179.9026 324.4461 84333.5 123.23141944 -5.60520278
-1132.756 -436.311 3325.42 2055.3 107204.0 3180.0 6.60653 0.134264 0.0207778 43.0   0.7488 -1133.4459 -436.6019 100461.6 123.24426944 -5.81661111
50.9156 -1237.0022 968.126 3703.2 106990.0 3145.0 6.4647 0.125688 -0.0285307 42.0   3.2887 49.2446 -1234.1697 83176.4 123.5745 -6.03824444
-1101.2302 -1196.7608 3285.58 3586.72 105424.0 2777.0 7.09696 0.0688898 0.15445 44.0   2.5989 -1099.575 -1194.7572 66988.5 123.25361111 -6.02721389
-949.2932 500.7857 2927.11 174.991 105051.0 3111.0 6.55011 -0.0132969 -0.0917305 43.0   2.9506 -947.8264 498.2255 86297.9 123.29621667 -5.55696389
-579.4002 -1423.7829 2242.44 4059.69 104222.0 2713.0 7.02017 -0.226503 0.0374858 44.0   2.8808 -579.417 -1420.9022 65463.6 123.39888333 -6.09009167
-1120.9598 -1224.272 3326.14 3641.48 103832.0 2822.0 6.81763 -0.0593338 0.128337 43.0   3.0404 -1119.151 -1221.8281 61376.2 123.24813889 -6.03473056
-987.696 222.6455 3013.03 733.581 103701.0 3074.0 6.42028 0.0401755 -0.0628134 42.0   0.8974 -987.2692 221.8561 120781.4 123.28517222 -5.63372778
435.7383 -343.9322 165.944 1917.7 102758.0 2819.0 7.03577 0.269305 -0.110227 43.0   2.3726 433.3762 -344.1548 76913.0 123.68174444 -5.79100556
-863.5754 -192.3914 2776.12 1572.69 102699.0 3159.0 6.10219 -0.0552799 -0.0357851 41.0   0.2429 -863.8147 -192.3501 80167.8 123.31958333 -5.7488
474.2022 -1393.1472 121.105 4030.49 102523.0 2547.0 7.42972 -0.147413 -0.186654 44.0   8.8203 467.6764 -1387.2132 80909.6 123.69138889 -6.08074167
-432.9732 -418.559 1916.55 2041.13 101989.0 3163.0 6.12916 0.0684056 -0.0217383 41.0   1.2564 -433.4417 -419.7248 202301.9 123.43972222 -5.81199722
-849.2164 -244.185 2748.83 1677.37 101907.0 3175.0 6.16714 0.029446 -0.0294305 41.0   0.1238 -849.3363 -244.1542 86297.9 123.32361944 -5.76319167
221.0506 86.0265 584.658 1045.77 101579.0 2871.0 6.40182 0.125331 -0.0129976 42.0   1.6086 219.7579 85.0692 76913.0 123.62208889 -5.67178611
-1274.3329 -600.1281 3615.43 2380.63 101142.0 3066.0 6.33324 0.242744 0.0218155 41.0   0.9125 -1273.4287 -600.0051 72443.6 123.20515556 -5.86197778
-138.6672 -320.7351 1321.22 1853.32 101113.0 3195.0 6.08657 0.0712594 -0.0825285 40.0   0.9213 -138.333 -321.5937 80167.8 123.52212222 -5.78475
-1271.5298 413.9332 3578.31 339.86 101056.0 2838.0 6.68326 0.126685 -0.13506 42.0   4.3560 -1268.3703 410.9346 80537.8 123.20674167 -5.58116389
-782.1993 -141.1745 2610.76 1472.12 100858.0 3155.0 5.96397 0.0568595 -0.045504 40.0   0.0275 -782.2266 -141.1774 72110.7 123.34236667 -5.73459444
-1241.7778 267.805 3522.97 634.868 100599.0 2801.0 6.7928 0.112355 -0.146074 42.0   2.4305 -1240.1384 266.0107 95499.3 123.21459722 -5.621425
-1021.1445 -740.3827 3110.24 2670.7 100299.0 3204.0 6.04327 0.158261 0.00561006 40.0   0.1729 -1021.1233 -740.5543 79432.8 123.27558889 -5.90105833
-173.5333 -139.7435 1385.77 1487.99 100202.0 2996.0 6.25662 0.100772 -0.0593762 41.0   0.5883 -172.9612 -139.6063 69502.4 123.51245833 -5.73419722
26.5802 -747.3116 1001.9 2716.92 99600.0 2772.0 6.477 0.0820921 -0.06003 42.0  14.3097 36.6042 -737.0994 1230268.8 123.57096667 -5.90016944
159.9867 -793.0099 734.837 2813.0 98940.0 2878.0 6.33611 0.0218327 -0.100867 41.0   0.8319 159.1573 -792.9453 68865.2 123.60519167 -5.91568056
-697.2529 -969.257 2465.51 3141.3 97918.0 2898.0 6.61506 -0.0320507 -0.13517 41.0   1.1129 -697.8354 -968.3087 104712.9 123.36584722 -5.96436111
-773.9792 -650.5796 2610.03 2497.58 97814.0 3207.0 5.79493 0.0926721 0.00810045 39.0   0.2474 -774.2027 -650.6856 74817.0 123.34455278 -5.876125
-1482.6983 -1040.264 4048.43 3260.01 96780.0 5897.0 6.41855 0.386567 0.0243091 38.0   5.0770 -1478.6077 -1037.2568 109144.0 123.14777222 -5.98339722
336.323 345.6514 344.612 526.811 96717.0 2687.0 6.42857 0.178337 0.0395409 41.0   4.2614 333.1614 342.7942 60534.1 123.65373333 -5.60019167
415.4313 -631.2163 215.73 2495.25 96325.0 2727.0 6.79528 0.0927086 -0.179362 41.0   2.0954 413.3503 -630.9708 70469.3 123.67616944 -5.87067778
-1148.5301 -22.5021 3344.32 1222.0 96244.0 2916.0 6.08825 0.0983599 -0.0378487 40.0   0.8376 -1147.8339 -22.9677 79432.8 123.24031667 -5.70171111
-352.0394 -176.6264 1746.16 1556.72 95860.0 3035.0 5.90508 0.111905 0.0125139 39.0   0.3690 -351.7158 -176.4491 76559.7 123.46255278 -5.744425
-1451.4065 -1403.1585 3996.72 3991.32 95693.0 2488.0 7.51205 0.108535 0.230037 42.0   8.6997 -1445.3369 -1396.9259 61659.5 123.15699167 -6.08331111
-296.0789 -579.336 1646.04 2368.92 94908.0 3099.0 5.64397 -0.0185345 -0.0301278 38.0   1.4350 -295.1626 -580.4404 95940.1 123.478325 -5.85664722
-1405.7871 153.1278 3856.6 860.61 94739.0 2777.0 6.45794 0.303098 -0.0833616 40.0   3.6511 -1402.5461 151.4466 68548.8 123.16924444 -5.65321944
-1207.6256 301.2565 3453.2 568.597 94714.0 2926.0 6.14671 0.19271 -0.10843 39.0   2.9789 -1205.3956 299.2814 93756.2 123.2243 -5.61218889
210.1066 -791.2341 633.915 2810.97 94338.0 2742.0 6.18688 -0.0291851 -0.107254 40.0   0.9680 209.2097 -790.8698 66988.5 123.61916944 -5.91510278
132.9394 -631.3018 784.25 2486.72 94172.0 2944.0 5.96608 0.0342015 -0.065457 39.0   0.5380 132.4111 -631.4034 66680.7 123.59771944 -5.87080833
-533.9772 -333.469 2117.18 1866.77 94071.0 3059.0 5.67177 0.0370349 -0.0363663 38.0  12.8668 -521.2705 -331.4451 1042317.4 123.41520556 -5.78746944
-101.58 338.4215 1226.12 527.872 94055.0 2817.0 5.87786 0.00220003 -0.0491068 39.0   1.2665 -101.8224 337.1784 72443.6 123.532325 -5.60175833
-385.8554 -1167.0538 1844.96 3548.97 93693.0 2835.0 5.91548 -0.0076914 -0.0501454 39.0   0.6340 -385.7146 -1166.4357 74131.0 123.45300833 -6.01941944
387.7503 509.5917 236.025 198.456 93656.0 2633.0 6.41031 0.15709 0.0201062 40.0   6.9537 382.8827 504.6258 66988.5 123.66760278 -5.55523611
-409.5884 -216.3186 1863.21 1634.83 92884.0 2983.0 5.70482 -0.0348586 -0.0367788 38.0   0.2866 -409.7848 -216.1098 63095.7 123.44633889 -5.75543889
-1359.0443 -1309.4095 3807.93 3805.49 92238.0 2505.0 7.00848 0.0381314 0.182103 40.0   5.8765 -1354.9413 -1305.2026 70469.3 123.18226111 -6.05785
-1245.9158 -762.1531 3563.27 2707.59 91412.0 2852.0 5.95051 0.225878 0.035633 38.0   1.2544 -1244.6896 -761.8884 61094.2 123.21315278 -5.90695
-811.9205 501.3053 2650.63 178.177 90008.0 2507.0 8.16205 -0.151402 -0.229718 40.0   8.5647 -817.0822 494.4708 1690440.9 123.33270556 -5.55802222
450.9088 -824.6901 150.337 2885.72 89821.0 7318.0 5.07502 -0.101351 0.0949684 30.0   5.6529 445.6377 -822.6478 205116.2 123.68519722 -5.92391944
-573.1325 -203.9552 2191.96 1604.91 89651.0 2924.0 5.59764 -0.0549814 -0.0443444 37.0   0.1619 -572.9715 -203.9387 68233.9 123.40078056 -5.75204722
-1045.7905 -1293.8126 3177.02 3783.75 89082.0 2589.0 6.26809 -0.0824863 0.16931 38.0  10.6043 -1045.936 -1283.2093 120781.4 123.26858056 -6.05179167
364.0922 51.8344 297.847 1118.99 88909.0 2683.0 5.94324 0.119495 -0.0154842 38.0   2.5051 362.0319 50.4093 70794.6 123.66180556 -5.68140833
-74.0096 -193.2944 1187.14 1598.83 88778.0 2834.0 5.95648 0.0752834 0.0240488 37.0   0.5110 -73.5193 -193.1504 80167.8 123.54021944 -5.74907222
-1481.4405 59.1576 4011.77 1047.4 88475.0 2630.0 6.20436 0.269709 -0.0933771 38.0   4.5013 -1477.7905 56.5234 61659.5 123.14822222 -5.67957222
-1102.3896 -524.0176 3267.03 2232.75 88382.0 2965.0 5.4434 0.0667038 -0.027764 36.0   0.5157 -1102.6772 -524.4456 83946.0 123.25284722 -5.84101667
272.095 -86.037 487.272 1393.63 88305.0 2820.0 5.74066 0.19365 -0.0400242 37.0   1.5932 270.6947 -86.7968 67920.4 123.63631389 -5.719525
-895.2073 -176.3046 2839.28 1539.34 87862.0 2946.0 5.50433 0.0624548 -0.00588703 36.0   0.1874 -895.3921 -176.2735 73113.9 123.31076944 -5.74433056
173.5183 282.4427 674.22 649.007 87112.0 2677.0 5.74217 0.107527 -0.00277786 37.0   2.2971 172.029 280.6938 82413.8 123.60876111 -5.61744722
-1314.8596 -892.6208 3706.07 2968.04 86625.0 2684.0 6.07001 0.158215 0.130778 37.0   2.1431 -1313.0698 -891.4421 70794.6 123.19403333 -5.942925
-943.2041 -19.9406 2931.02 1223.17 86613.0 2834.0 5.49 0.0297814 -0.0589121 36.0   0.1067 -943.1529 -20.0342 73451.4 123.29745556 -5.700925
-735.009 -1365.0236 2553.78 3936.64 86192.0 2613.0 6.146 -0.278854 0.110727 37.0   3.8176 -733.2372 -1361.642 70794.6 123.35591944 -6.07361667
-271.8578 -1228.6214 1617.45 3676.39 85760.0 2646.0 5.85042 -0.204147 -0.0607459 37.0   1.5579 -272.2248 -1227.1074 58076.4 123.48470556 -6.03627778
37.5812 -1206.8966 994.027 3642.2 85540.0 2597.0 6.41385 -0.16121 -0.192226 37.0   3.2927 37.1725 -1203.6294 93756.2 123.57112778 -6.02976111
17.1401 -1254.0951 1036.63 3736.56 84256.0 2551.0 6.42996 -0.271872 -0.184298 37.0   2.6731 15.771 -1251.7992 62517.3 123.56515 -6.04314167
-942.0178 -116.8191 2931.64 1418.18 84025.0 2806.0 5.7259 -0.0253841 -0.108548 35.0   0.1056 -941.9345 -116.884 66374.3 123.29778333 -5.72782778
317.6868 479.2302 377.971 257.402 83975.0 2608.0 5.58734 0.145628 0.000185106 36.0   5.7359 313.9633 474.8672 60813.5 123.64836944 -5.56350556
55.727 -621.2939 939.33 2464.2 83610.0 2777.0 5.92289 -0.0318269 -0.156143 35.0   0.3233 55.7952 -621.6099 57279.6 123.576325 -5.86808889
185.3817 -416.7064 672.048 2056.45 83525.0 2736.0 5.98951 0.151748 -0.160674 35.0   0.3802 185.0035 -416.6674 67297.7 123.6124 -5.81115833
-44.5857 -1022.6788 1153.67 3268.92 83314.0 2710.0 5.50508 -0.14112 -0.0869783 35.0   0.7691 -45.1342 -1022.1396 61094.2 123.54813889 -5.97934722
459.0913 101.7194 105.112 1021.52 83149.0 2572.0 5.6378 0.182851 -0.00249531 36.0   3.7601 455.8695 99.7807 62805.8 123.68799722 -5.66768889
-1096.8333 -1390.3278 3282.74 3976.42 83079.0 2438.0 6.69075 -0.228244 0.210759 37.0   4.6590 -1094.5168 -1386.2854 60813.5 123.25499444 -6.08041667
-150.5299 -269.3952 1343.5 1749.63 82932.0 2947.0 5.26087 0.0229241 -0.0724532 34.0   0.4212 -150.1165 -269.3146 56754.5 123.51883333 -5.77022778
-114.3619 -222.6317 1269.26 1656.63 82744.0 2903.0 5.26973 0.180195 -0.0437596 34.0   0.2501 -114.1622 -222.7823 64268.8 123.52887222 -5.75730278
-1257.1795 -780.2529 3586.5 2743.67 81998.0 2654.0 5.52759 0.199505 0.0200449 35.0   1.2548 -1255.9681 -779.9254 65463.6 123.21 -5.91195833
-95.1525 -705.8122 1245.6 2629.65 81598.0 6787.0 4.73725 -0.0224889 -0.047845 32.0   0.5429 -94.8475 -706.2613 62517.3 123.53425833 -5.89160278
-77.1808 -276.0189 1196.09 1765.22 81574.0 2807.0 5.24091 0.0958262 -0.0448307 34.0   0.2428 -76.9488 -276.0905 60534.1 123.53926111 -5.77211111
-557.3443 357.0948 2142.77 476.251 81048.0 2749.0 5.24264 0.0317875 -0.0417469 34.0   0.7816 -556.9936 356.3963 69823.2 123.40528333 -5.5964
-1168.1731 -541.7395 3399.97 2266.39 80747.0 2739.0 5.26299 0.181316 -0.0511448 34.0   0.4810 -1167.8072 -542.0518 66988.5 123.23465833 -5.84589722
66.8809 -849.867 923.978 2924.56 80713.0 2711.0 5.29535 0.0703047 -0.0843649 34.0   0.5533 66.4018 -849.5902 79067.9 123.57928889 -5.93141667
-911.5181 -223.8026 2873.58 1634.43 80436.0 2860.0 4.9628 0.0053369 -0.0374973 33.0   0.2008 -911.6985 -223.8908 72110.7 123.30621111 -5.75755556
-1134.639 507.5494 3299.91 155.669 80264.0 2698.0 5.4949 0.171828 -0.14938 34.0   3.9804 -1132.6471 504.1033 76559.7 123.24463611 -5.55530556
-906.6617 -1381.0469 2899.73 3963.6 79385.0 2449.0 6.01675 -0.265311 0.151401 35.0   3.5157 -905.4092 -1377.7618 57279.6 123.30782222 -6.078075
-867.987 -557.1144 2796.32 2306.58 78884.0 2819.0 5.07182 0.148931 -0.0214682 33.0   0.6315 -868.0472 -557.743 71779.4 123.31835833 -5.85029722
-259.0964 -1031.2242 1585.64 3279.51 77475.0 3172.0 4.86145 0.0161454 -0.0638879 32.0   0.1780 -259.1532 -1031.0556 74131.0 123.48836389 -5.98181944
299.5121 -654.1378 449.73 2537.81 77401.0 2603.0 5.33495 0.0389378 -0.147381 33.0   1.3131 298.2138 -653.9408 58884.4 123.64401944 -5.87706389
92.837 -744.7472 868.478 2713.8 77236.0 2634.0 5.37733 0.0475238 -0.122879 33.0   0.3188 92.7947 -744.4312 59429.2 123.58665833 -5.90220556
371.1184 -731.8817 308.035 2696.48 76296.0 2569.0 5.44328 0.130758 -0.165084 33.0   2.4286 368.8665 -730.9724 57544.0 123.66375278 -5.89845833
-1000.0185 -1084.9539 3078.42 3364.82 76203.0 2577.0 5.2534 -0.0361108 0.0527069 33.0   1.1571 -999.2777 -1084.0649 56754.5 123.28164167 -5.99648056
-764.8416 -55.8877 2573.18 1301.01 75903.0 2692.0 4.9963 0.0889862 -0.0612644 32.0   1.5330 -765.4732 -54.4909 106659.6 123.34705278 -5.71051667
11.1174 -472.8778 1024.5 2164.13 75853.0 2741.0 4.9114 -0.0633505 -0.00408766 32.0   0.1096 11.1313 -472.7691 52966.3 123.56385278 -5.82674444
-1084.916 128.7779 3211.6 919.5 75716.0 2681.0 4.91839 0.0246157 -0.0626833 32.0   1.1389 -1083.9609 128.1574 72443.6 123.25816944 -5.65974167
-949.6623 -593.1213 2961.81 2376.53 75660.0 2706.0 4.94045 0.0528594 -0.0952172 32.0   0.4508 -949.7129 -593.5693 64268.8 123.29555 -5.86023889
-564.2826 -1101.7768 2202.02 3412.1 75324.0 2690.0 4.97858 -0.139658 -0.0196621 32.0   0.4498 -564.3039 -1101.3275 56234.1 123.40313056 -6.00132222
-382.6585 508.2812 1786.52 177.361 75251.0 2640.0 4.93148 0.0259126 -0.0628185 32.0   2.7906 -384.906 509.9354 183653.8 123.45332222 -5.55376111
-137.7643 -329.6602 1319.68 1871.31 75223.0 2703.0 4.97502 -0.0204824 -0.0440455 32.0   8.0865 -138.333 -321.5937 80167.8 123.52212222 -5.78475
-1243.9693 -526.2641 3552.03 2232.91 75222.0 2645.0 5.04927 0.247372 -0.0181263 32.0   1.0115 -1243.282 -527.0061 68233.9 123.21358611 -5.84170556
-376.9598 442.6063 1777.09 309.711 75167.0 2656.0 5.02654 0.0813601 -0.0856785 32.0   1.5003 -377.0108 441.1068 71779.4 123.45552222 -5.57288056
-325.8889 -68.9696 1690.19 1340.86 74107.0 2759.0 6.93118 0.350191 0.201338 33.0   6.9202 -322.2325 -63.0942 1241652.3 123.47078889 -5.71293889
312.1305 -317.1989 413.876 1860.09 73769.0 2534.0 5.10532 0.0633742 0.033841 32.0   0.9906 311.1571 -317.3826 57544.0 123.64761944 -5.783575
463.7093 -45.6194 100.392 1318.19 73549.0 2504.0 5.1968 0.236425 -0.037358 32.0   3.2579 460.8025 -47.0905 57809.6 123.68938333 -5.70848611
-6.1918 -386.0645 1056.64 1988.88 73528.0 2715.0 4.84884 0.0603308 -0.0679443 31.0   0.4290 -5.7712 -386.1491 64863.4 123.55913333 -5.80268333
-647.1691 415.8236 2321.72 355.289 73513.0 2703.0 4.73904 0.00312973 0.00989519 31.0   1.2832 -646.8514 414.5804 62805.8 123.38020833 -5.58023056
-698.0212 -967.4452 2467.0 3137.63 73468.0 3162.0 6.95946 -0.128599 -0.263444 31.0   0.8833 -697.8354 -968.3087 104712.9 123.36584722 -5.96436111
-158.5924 -1278.1558 1391.04 3779.57 73405.0 2621.0 5.78202 0.358239 -0.145531 31.0   2.5077 -159.2103 -1275.7254 77268.1 123.51627222 -6.04978611
-49.3689 -868.8136 1158.52 2959.11 73105.0 2678.0 4.80152 -0.0197929 -0.0765182 31.0   0.1286 -49.4644 -868.8997 59429.2 123.54693056 -5.93678056
200.2913 -599.3848 647.713 2424.56 73075.0 2669.0 4.80519 -0.00511713 -0.0920227 31.0   0.4725 199.819 -599.3989 64565.4 123.61654167 -5.86191667
-837.6067 -553.5886 2735.07 2300.42 73001.0 2692.0 4.75659 0.0877251 -0.0339671 31.0   0.3152 -837.8569 -553.7804 64863.4 123.32678889 -5.8492
-1382.0889 -1255.0508 3852.62 3695.38 72508.0 2395.0 5.50267 -0.0630586 0.182486 32.0   5.7317 -1377.9102 -1251.1277 57016.4 123.17585556 -6.042825
187.5482 318.2579 644.873 577.359 71763.0 2605.0 4.84411 0.0797627 -0.0202273 31.0   2.5506 185.9848 316.2426 59156.2 123.61265556 -5.60757222
-1273.3442 425.5797 3581.6 316.365 71458.0 2528.0 4.97131 0.104892 -0.119059 31.0   4.7959 -1270.1486 422.0036 72443.6 123.20624722 -5.57808889
2.5201 -349.4254 1037.97 1915.41 71268.0 2781.0 4.6194 0.0405764 -0.0479146 30.0   0.4636 2.9837 -349.4291 57279.6 123.56157778 -5.79248333
-733.6872 -287.7819 2517.68 1768.67 71100.0 2745.0 4.99085 0.118953 -0.101661 30.0   0.2596 -733.9467 -287.79 56754.5 123.35583056 -5.775325
-426.7039 -450.9988 1904.94 2106.61 71035.0 2752.0 4.6996 0.0548794 -0.0741305 30.0   0.2679 -426.6203 -451.2534 67920.4 123.441625 -5.82075556
-1119.5011 18.3734 3284.63 1140.63 70880.0 2664.0 4.55659 0.00410012 -0.0582364 30.0   0.2128 -1119.2883 18.3781 66988.5 123.24829167 -5.69023056
375.0379 -185.6609 283.191 1597.3 70393.0 2496.0 4.89099 0.169354 -0.0384843 31.0   2.8995 372.846 -183.7628 110153.9 123.66483611 -5.74645556
-736.9636 -911.3273 2543.63 3023.49 70142.0 2650.0 4.58429 -0.00657033 -0.00118497 30.0   0.7322 -736.2376 -911.2321 66988.5 123.35512778 -5.94850278
-308.8715 -510.8729 1669.66 2230.74 70024.0 2792.0 4.44344 0.0500473 -0.0742489 29.0   0.4324 -308.4932 -511.0823 59979.1 123.47460556 -5.83738056
-43.1842 -849.0573 1145.46 2919.54 69925.0 2601.0 4.6182 -0.0032561 -0.055338 30.0   0.1992 -43.3776 -849.0096 58884.4 123.54863056 -5.93125556
-1207.0542 -844.9248 3487.63 2875.37 69505.0 2530.0 4.60271 0.00468607 0.0544343 30.0   1.4232 -1205.7178 -844.4355 57809.6 123.22402222 -5.92988611
377.8451 -571.5995 289.522 2374.11 68729.0 2557.0 5.65189 0.111675 -0.20164 30.0   1.6526 376.2171 -571.8837 58884.4 123.66579722 -5.85426667
-894.0759 -391.7197 2843.69 1972.91 68512.0 2649.0 4.48143 0.0960509 -0.0115145 29.0   1.0356 -893.3874 -392.4933 71449.6 123.31130278 -5.80439167
-937.2132 -1143.1412 2953.83 3483.86 68434.0 2471.0 4.86707 -0.164293 0.0887164 30.0   1.2934 -936.4258 -1142.1151 50350.1 123.29918889 -6.01261389
-1081.5025 2.5033 3208.65 1173.74 68182.0 2626.0 4.47563 0.0525406 -0.074197 29.0   0.6739 -1080.9794 2.0784 80537.8 123.25898333 -5.69476389
36.1555 -45.1477 960.833 1304.07 68155.0 2623.0 4.65515 0.058641 -0.0300173 29.0   0.2191 36.0992 -45.3594 66374.3 123.57082222 -5.70801944
-895.2588 133.3887 2829.77 916.063 67973.0 2587.0 4.5697 0.0388862 -0.0291821 29.0   1.1122 -894.4021 134.0979 73113.9 123.31108333 -5.65811667
-685.7492 149.1835 2407.64 890.729 67964.0 2637.0 4.47769 0.0485699 -0.0740431 29.0   0.1955 -685.6192 149.0375 48977.9 123.36936389 -5.65398889
-741.0499 100.9615 2520.43 986.075 67912.0 2615.0 4.49947 0.0245322 -0.0393466 29.0   0.1360 -740.9613 100.8584 71449.6 123.35391111 -5.66736667
136.4803 190.4796 751.614 832.947 67791.0 2581.0 4.57822 0.0395512 -0.0793732 29.0   1.5182 135.6087 189.2365 66069.3 123.59859722 -5.64285278
-354.0553 354.4874 1733.73 487.761 67087.0 2542.0 4.58606 -0.00974142 -0.0375125 29.0   1.1029 -354.244 353.4008 70145.5 123.46187222 -5.59724444
-165.8483 -499.4517 1381.47 2212.16 66543.0 2697.0 4.41419 0.042274 -0.0867601 28.0   0.5935 -165.2706 -499.3158 60813.5 123.51459722 -5.83411667
42.1569 522.2771 931.141 162.28 66012.0 2478.0 4.62285 -0.158669 -0.0180039 29.0   3.6515 40.4286 519.0605 58344.5 123.57202778 -5.55123611
-183.1263 -768.6974 1424.6 2753.5 65907.0 2674.0 4.3312 -0.00327989 -0.0609835 28.0   0.8134 -182.6954 -769.3873 61376.2 123.509725 -5.90913611
-449.1635 -78.2749 1938.57 1355.79 65885.0 2662.0 4.33146 0.0306627 -0.0476038 28.0   0.2648 -448.9666 -78.0979 71449.6 123.43540833 -5.7171
-1005.4219 -552.3114 3072.76 2292.68 65801.0 2626.0 4.32944 0.014369 -0.0503372 28.0   0.3132 -1005.6296 -552.5458 52480.7 123.27994167 -5.84883611
-219.7138 -652.9625 1494.64 2519.45 65665.0 2656.0 4.33125 0.0570887 -0.0606868 28.0   0.6524 -219.412 -653.5409 54450.3 123.499475 -5.87695556
-288.3033 41.8038 1611.11 1119.08 65434.0 2586.0 4.43035 0.00872803 -0.0575706 28.0   0.5911 -287.9285 42.2609 66069.3 123.48036944 -5.683675
-27.5035 421.5446 1074.46 362.864 65328.0 2549.0 4.44857 -0.0751105 -0.0803558 28.0   2.7153 -28.4257 418.9907 68233.9 123.55281111 -5.57903333
-365.2702 -109.7153 1770.71 1421.65 64866.0 2596.0 4.36385 0.0720205 -0.0483065 28.0   1.5732 -365.9756 -111.1215 72110.7 123.458575 -5.72627778
-997.6706 404.4628 3027.46 367.356 64338.0 2537.0 4.36325 0.0671385 -0.0629288 28.0   2.3083 -996.6104 402.4124 57544.0 123.28258889 -5.58357222
-1056.6979 582.3799 3140.73 7.46931 64288.0 2505.0 4.53287 0.0939511 -0.114577 28.0   4.1016 -1054.5034 578.9147 68865.2 123.26645556 -5.53453611
-1247.0043 582.8033 3523.71 0.754739 64099.0 3754.0 6.44505 0.814199 0.00109051 25.0   4.7520 -1243.8372 579.2605 165196.2 123.21361667 -5.53441111
-937.3088 -1038.6935 2950.78 3273.65 63927.0 2503.0 4.42509 -0.0419745 0.0677745 28.0   0.7556 -936.6436 -1038.3349 55462.6 123.29914167 -5.98378611
142.2535 -956.6854 775.606 3141.86 63469.0 2485.0 4.60857 -0.0517106 -0.132854 28.0   0.8363 141.5997 -956.164 43853.1 123.60029167 -5.96101944
-1113.0963 -1198.9946 3309.53 3590.85 63337.0 2429.0 4.70963 -0.147312 0.142498 28.0   0.8139 -1112.6205 -1198.3344 87498.4 123.24996667 -6.02820556
-998.2706 225.9126 3034.21 726.68 63250.0 2601.0 4.25606 0.0857116 -0.0691105 27.0   1.2482 -997.1231 225.4214 70794.6 123.28242222 -5.63273611
-338.7173 -642.4763 1733.81 2494.68 63129.0 2593.0 4.23311 0.0182203 -0.0660536 27.0   0.6294 -338.4749 -643.0571 52480.7 123.46622778 -5.87403889
-335.7872 230.6344 1700.81 737.585 62935.0 2571.0 4.19219 0.0291359 -0.0217076 27.0   0.5345 -335.5338 230.1638 66069.3 123.46708889 -5.63147778
-1120.1242 165.3967 3281.32 844.718 62288.0 2514.0 4.37881 0.180466 -0.110604 27.0   1.2946 -1119.009 164.739 64268.8 123.24839167 -5.649575
373.7825 -180.1001 285.545 1586.07 61588.0 2496.0 4.3602 0.203436 -0.10924 27.0   3.7805 372.846 -183.7628 110153.9 123.66483611 -5.74645556
-215.7051 233.9745 1459.04 734.562 60920.0 2604.0 5.75469 -0.382842 0.137594 27.0   4.0390 -216.0432 229.9497 187068.2 123.50044167 -5.63154167
-856.957 -469.7431 2771.41 2131.08 60846.0 2590.0 4.18171 0.281803 -0.0274241 26.0   0.2473 -856.9226 -469.988 47643.1 123.321475 -5.82592222
-160.9958 420.3996 1343.15 361.056 60775.0 2862.0 4.26004 0.106181 -0.0825455 26.0   1.8693 -161.582 418.6246 56234.1 123.51564722 -5.57913333
-780.5911 -280.2317 2611.84 1752.03 60667.0 2559.0 4.14772 0.151234 -0.00792855 26.0   0.4001 -780.9897 -280.2673 54954.1 123.34269722 -5.77323056
-1121.2214 -1059.7688 3321.56 3310.4 60624.0 2390.0 4.26929 0.0357141 0.0331786 27.0   1.6562 -1120.1477 -1058.5078 44874.5 123.24788611 -5.98936389
-1487.5656 -490.8386 4041.17 2154.11 60422.0 2402.0 4.47222 0.33593 0.00361871 27.0   2.4937 -1485.0968 -490.4867 58884.4 123.14607222 -5.83151667
-827.5882 -671.8865 2718.58 2538.81 60356.0 2596.0 4.03619 0.109951 0.0126663 26.0   0.4173 -827.781 -672.2566 58344.5 123.32958889 -5.88211111
-348.3189 -364.0374 1744.49 1934.01 60119.0 2532.0 3.98499 0.166692 -0.00471703 26.0   0.4550 -347.8832 -364.1685 56234.1 123.46361389 -5.79656944
-405.0873 592.6263 1829.04 6.92068 60113.0 2927.0 4.20269 0.0769836 -0.0910139 26.0   2.7161 -404.9967 589.9117 47206.3 123.44771944 -5.53154444
-1100.2025 -45.3642 3247.77 1269.5 60035.0 2553.0 4.07955 0.0760859 -0.0471069 26.0   0.5548 -1099.711 -45.6217 55975.8 123.25374722 -5.70801111
-245.4961 389.7198 1514.16 420.198 59901.0 2497.0 4.0976 0.0132876 -0.0725997 26.0   1.4278 -245.8076 388.3264 66374.3 123.49213889 -5.58754722
-611.2367 -658.9802 2282.77 2519.5 59896.0 2558.0 4.07252 0.073402 -0.047954 26.0   0.1666 -611.191 -659.1404 44668.4 123.39007222 -5.87848889
-366.7531 -1112.0847 1804.81 3438.93 59762.0 2490.0 4.18993 0.0667515 -0.127457 26.0   0.3267 -366.8989 -1111.7923 46989.4 123.45826667 -6.00424167
-270.7278 -1136.6216 1612.32 3491.27 59146.0 2480.0 4.64583 -0.109114 -0.0551757 26.0   0.8402 -271.0538 -1135.8472 49888.4 123.48503611 -6.01092778
-1318.4797 -673.07 3706.54 2526.07 58945.0 2434.0 4.22868 0.218192 0.0520453 26.0   1.2292 -1317.2506 -673.0533 57809.6 123.19290556 -5.88226111
-1455.1011 48.2617 3959.1 1070.14 58619.0 3182.0 6.54345 0.601262 0.00417658 26.0   4.2652 -1452.9099 51.921 751622.9 123.15516667 -5.68085556
-823.1139 -1315.9985 2729.57 3835.26 58395.0 2371.0 4.3663 -0.298421 0.043733 26.0   1.6074 -823.467 -1317.5666 13001.7 123.33071944 -6.06136389
-350.708 -282.5956 1746.77 1770.03 57887.0 2543.0 3.95002 0.149012 -0.106634 25.0   0.3569 -350.3744 -282.4689 49204.0 123.46292222 -5.773875
-552.4914 -319.6161 2154.01 1838.32 57833.0 2549.0 4.01197 0.0414309 -0.0871473 25.0   0.3091 -552.5536 -319.3133 60534.1 123.40647222 -5.78409722
-499.2916 -1003.0407 2068.16 3215.39 57720.0 2485.0 3.94332 -0.101868 -0.0457844 25.0   0.1555 -499.1374 -1003.0604 59703.5 123.42133889 -5.97403056
78.5258 -309.3265 883.763 1837.05 57587.0 2508.0 3.95844 0.148312 -0.106259 25.0   0.7042 78.5375 -310.0306 49659.2 123.58267222 -5.78153889
-899.011 -879.3788 2868.76 2954.2 57376.0 2490.0 3.91707 0.158683 -0.0191872 25.0   0.2149 -899.1902 -879.4974 62517.3 123.30962222 -5.93966944
-629.235 43.025 2297.2 1106.12 56786.0 2600.0 3.73896 -0.0867793 0.0180286 24.0   0.1733 -629.2027 43.1953 64268.8 123.38510278 -5.68339444
294.8262 366.7399 427.47 483.091 56676.0 2395.0 4.1884 0.24137 0.0109122 25.0   4.2266 291.942 363.6504 58344.5 123.64222778 -5.5944
-538.217 548.6438 2098.33 91.3369 55938.0 2528.0 3.8606 -0.00902908 -0.111095 24.0   2.5940 -538.1228 546.0515 44463.1 123.41056389 -5.54371944
-839.6031 -443.1676 2735.66 2078.13 55497.0 2489.0 3.7384 0.155273 -0.0677307 24.0   0.2849 -839.8124 -443.3609 54954.1 123.32625556 -5.81852778
-716.3243 -15.6729 2474.29 1221.57 55110.0 2468.0 3.7803 -0.0298053 -0.0254125 24.0   0.1531 -716.2921 -15.5232 63387.0 123.36078611 -5.69969722
-893.7776 -289.6112 2839.92 1767.42 55110.0 2480.0 3.80418 0.0644158 -0.0461916 24.0   0.4056 -893.4922 -289.323 60813.5 123.31128611 -5.77573333
-471.7441 -1058.7616 2014.45 3328.38 55055.0 2514.0 3.79899 -0.100651 -0.0556152 24.0   0.9630 -471.3958 -1057.8638 56754.5 123.42908333 -5.98925556
-554.9853 -188.2145 2154.95 1573.79 54977.0 2464.0 3.79836 0.0106006 -0.0514401 24.0   0.1598 -554.8475 -188.1337 51760.7 123.40584167 -5.74765833
-1181.747 -778.2685 3434.63 2742.0 54910.0 2447.0 3.81866 0.223843 0.000153555 24.0  16.4334 -1166.0071 -782.9921 30478.9 123.23512222 -5.912825
-279.9609 -27.11 1596.46 1258.03 54811.0 2489.0 3.77963 0.155362 -0.0606094 24.0   0.2604 -279.7495 -26.958 44874.5 123.48265 -5.70290278
61.8162 -447.2578 921.673 2114.13 54665.0 2461.0 3.74327 0.155215 -0.0665356 24.0   0.4705 62.2068 -447.5201 52239.6 123.57811389 -5.81973056
-937.0529 -1259.518 2957.12 3718.08 54145.0 2385.0 3.8734 -0.176758 0.0714935 24.0   2.4143 -935.8147 -1257.4453 52966.3 123.29934444 -6.04465
-1454.4075 -369.1022 3970.66 1910.13 54140.0 2391.0 3.76904 0.163414 -0.0638959 24.0   2.1939 -1452.2542 -369.5221 52480.7 123.15526667 -5.79792222
364.2953 393.2489 286.84 431.88 53791.0 2392.0 3.85531 0.178104 -0.0174723 24.0   5.4216 360.2496 389.6397 57809.6 123.66129167 -5.58717778
-508.9296 -538.3021 2073.13 2279.78 53519.0 2533.0 3.57599 -0.0812704 -0.0746304 23.0   0.4012 -508.6632 -538.6022 63387.0 123.41871111 -5.84501389
-155.096 -757.7841 1367.85 2732.4 53406.0 3906.0 3.87429 0.144587 0.0166228 22.0   0.9098 -155.223 -758.685 59979.1 123.51739722 -5.90616389
-899.369 164.3763 2837.08 853.572 53275.0 2483.0 3.62747 -0.103224 -0.0959677 23.0   0.5565 -898.9627 163.9961 66374.3 123.30981389 -5.64981111
-108.1738 286.5581 1241.0 632.047 52758.0 2438.0 3.78719 -0.0548168 -0.113179 23.0   1.0607 -108.5275 285.5581 55462.6 123.53045278 -5.61609722
-808.9597 -996.9288 2691.18 3193.55 52586.0 2483.0 3.61503 -0.119707 -0.0399501 23.0   1.0357 -809.7752 -996.2903 61659.5 123.33458056 -5.97212222
-31.5097 530.8367 1079.13 142.784 52486.0 2423.0 3.60731 -0.07869 -0.0760686 23.0   3.2998 -32.9558 527.8706 54450.3 123.55154722 -5.54878889
-521.8022 188.3269 2076.48 817.001 52450.0 2463.0 3.7246 -0.0466568 -0.0812445 23.0   0.1008 -521.7601 188.2353 49888.4 123.41510556 -5.64311389
-1141.4674 -436.2555 3342.95 2054.92 52410.0 2439.0 3.60536 0.103335 -0.0479584 23.0   0.7278 -1140.7879 -436.516 64863.4 123.24221944 -5.81658611
412.1627 -89.1103 205.48 1404.13 52000.0 2399.0 3.77665 0.214192 -0.0751064 23.0   2.5077 409.818 -89.9997 52239.6 123.67515278 -5.72040833
-74.6805 -117.2621 1186.13 1445.79 51988.0 2447.0 3.60414 -0.0835784 -0.0760313 23.0   0.1900 -74.7061 -117.4504 47643.1 123.53988889 -5.72804444
-1404.0314 526.3794 3841.48 109.474 51857.0 2375.0 4.10325 0.207772 -0.173329 23.0   7.1318 -1399.191 521.1417 54954.1 123.17025 -5.55052778
-1386.181 174.7943 3816.47 817.609 51638.0 2390.0 3.80661 0.292915 -0.0974462 23.0   3.4999 -1383.2448 172.8897 51286.1 123.17463611 -5.64726667
505.8306 -416.4573 27.134 2065.82 51196.0 2658.0 6.24709 -0.470373 0.155765 23.0   4.1661 507.6363 -420.2118 946237.2 123.70248333 -5.81212778
-402.967 -320.8751 1853.13 1845.46 51005.0 2528.0 3.45713 -0.0568959 -0.0700804 22.0   4.8829 -398.9686 -323.6778 23227.4 123.44935278 -5.78531944
-821.8384 -734.4303 2708.95 2664.86 50659.0 2507.0 3.43916 -0.0927105 0.0320632 22.0   2.5820 -820.543 -736.6639 101391.1 123.33160278 -5.90000278
-395.0026 416.233 1814.22 362.233 50507.0 2488.0 3.55283 0.00208348 -0.116519 22.0   1.7834 -394.7117 414.4735 50350.1 123.45058056 -5.58027778
-398.0364 229.2478 1826.13 738.458 50208.0 2458.0 3.47251 -0.0570362 -0.071731 22.0   0.4557 -398.4684 229.3927 64268.8 123.44952222 -5.63168889
-106.5064 396.8706 1234.22 410.088 50178.0 2408.0 3.46626 0.0266428 -0.0348839 22.0   1.9586 -106.8811 394.9482 60813.5 123.53091389 -5.58571111
-552.7808 -70.5245 2146.86 1337.0 50034.0 2453.0 3.41038 0.108004 -0.00411546 22.0   0.4345 -552.73 -70.093 61094.2 123.40644167 -5.71486944
121.6784 -633.8493 806.992 2491.5 49817.0 2409.0 3.54803 -0.140283 -0.136988 22.0   0.3309 121.9958 -633.9427 44668.4 123.59481111 -5.87151389
-324.1381 -1094.4639 1718.5 3404.78 49425.0 2720.0 3.63121 0.0856725 -0.0309031 21.0   0.3385 -324.0677 -1094.7949 64268.8 123.47023056 -5.99952222
-1508.7314 -80.8686 4071.04 1328.37 49422.0 2371.0 3.83917 0.369104 -0.016397 22.0   3.4633 -1505.4824 -82.0678 57544.0 123.14046389 -5.71806389
-475.6053 -1086.4373 2023.08 3383.96 48924.0 2719.0 3.39585 -0.0552075 -0.0649614 21.0   0.1864 -475.4567 -1086.3247 48305.9 123.42794722 -5.99716111
-411.3055 -1042.1102 1892.3 3296.73 48416.0 2479.0 3.37822 -0.107739 -0.0730138 21.0   0.3248 -411.0499 -1042.3107 61659.5 123.44593889 -5.98493889
-497.9057 -383.2111 2046.13 1967.99 48399.0 2525.0 3.29071 0.0360559 -0.0855142 21.0   0.1543 -497.8777 -383.0594 55462.6 123.42173333 -5.80180833
-94.9724 -84.4805 1225.95 1379.19 48362.0 2464.0 3.27703 0.0499006 -0.0831242 21.0   0.3470 -94.6276 -84.4413 57279.6 123.53432778 -5.718875
-637.5176 428.9106 2301.89 329.248 48058.0 2451.0 3.43919 0.131942 -0.104072 21.0   1.4283 -637.2212 427.5134 53703.2 123.38289722 -5.57663889
-735.9202 -773.1289 2537.24 2745.39 48046.0 2472.0 3.29632 -0.0969537 -0.0283274 21.0   0.5340 -736.0691 -773.6418 48977.9 123.35518889 -5.91028333
-1090.7544 -632.7755 3246.99 2451.99 48043.0 2463.0 3.17946 0.00210758 -0.00172173 21.0   0.3342 -1090.4823 -632.9696 51286.1 123.25623611 -5.87116389
-557.9745 -386.7888 2167.13 1973.34 47904.0 2444.0 3.32651 0.027098 -0.0718724 21.0   0.2496 -557.8081 -386.9748 53703.2 123.405 -5.80289167
-1001.9833 235.6379 3041.38 706.993 47712.0 2438.0 3.40764 0.0667728 -0.150672 21.0   1.7792 -1000.909 234.2196 68233.9 123.28136667 -5.63029167
157.7532 -564.3599 732.234 2352.76 47700.0 2441.0 3.43627 -0.0249764 -0.0797315 21.0   0.3387 157.4145 -564.3551 43451.0 123.6047 -5.85218333
-975.0229 557.5245 2977.13 60.0082 47442.0 2386.0 3.31449 0.0340511 -0.0883434 21.0   8.4300 -967.2904 554.1668 219786.0 123.29079167 -5.54142222
-292.0415 405.9241 1607.33 386.152 47367.0 2408.0 3.34086 -0.0253904 -0.0723601 21.0   1.4522 -292.1984 404.4804 48305.9 123.47919167 -5.58305833
-183.3007 -1047.9616 1433.62 3315.53 47317.0 2386.0 4.20959 -0.352919 0.0552283 21.0   0.3951 -183.5752 -1047.6774 54450.3 123.50947222 -5.98643889
-323.3196 -57.0796 1684.65 1317.01 47168.0 2730.0 7.84931 0.64612 0.0645579 21.0   6.1121 -322.2325 -63.0942 1241652.3 123.47078889 -5.71293889
-664.8813 -56.8868 2372.04 1306.1 45861.0 2440.0 3.08687 0.0476621 -0.0368128 20.0   0.2511 -664.7449 -56.676 49204.0 123.37517222 -5.71113333
-55.8771 -213.0014 1151.26 1639.05 45602.0 2385.0 3.17933 -0.0186697 -0.127659 20.0   0.2853 -55.6093 -213.0999 51760.7 123.54521944 -5.75461389
-1034.8572 -919.5937 3143.4 3030.95 45521.0 2425.0 3.22281 0.000246613 0.0333358 20.0   1.0069 -1033.9627 -919.1315 59979.1 123.27197778 -5.95066111
-818.3457 -738.5904 2702.05 2673.34 45437.0 2412.0 3.70812 -0.12613 -0.163772 20.0   2.9223 -820.543 -736.6639 101391.1 123.33160278 -5.90000278
-481.9455 -609.6783 2021.04 2424.26 45304.0 2396.0 3.17688 0.0191401 -0.125506 20.0   1.1548 -481.7466 -610.8158 51760.7 123.42622222 -5.865075
192.29 -585.8679 663.396 2397.11 45182.0 2382.0 3.37055 0.128689 -0.171122 20.0   0.5289 191.7626 -585.9081 48977.9 123.61429167 -5.85816944
-406.6553 -433.5396 1864.05 2072.09 45141.0 2371.0 3.08961 0.0468513 -0.0363635 20.0   0.3513 -406.3091 -433.5993 48083.9 123.44729722 -5.81585278
-931.6645 -917.2192 2935.65 3029.35 45130.0 2383.0 3.19414 0.178429 0.00513466 20.0   0.3297 -931.9361 -917.0323 54954.1 123.30047222 -5.95009167
-435.3934 -490.0524 1923.64 2184.94 43302.0 2413.0 3.37786 0.113874 0.00721563 19.0   0.4327 -435.1576 -490.4152 51286.1 123.43923889 -5.83163333
-886.3005 -395.203 2828.15 1980.16 43218.0 2386.0 2.95843 0.00223914 -0.0803655 19.0   1.6234 -887.6761 -394.3409 66680.7 123.31289722 -5.80490556
-565.8277 21.5117 2170.26 1151.37 43102.0 2406.0 3.01038 0.0881977 -0.0355486 19.0   0.0915 -565.7602 21.5735 55718.6 123.40281111 -5.68940556
-220.7151 -629.9226 1495.94 2473.05 43088.0 2383.0 2.99978 -0.00217015 -0.0705506 19.0   0.7146 -220.1507 -630.3609 51050.5 123.49926944 -5.87051667
-803.4477 -73.4471 2651.42 1335.16 43015.0 2401.0 3.16234 0.0667253 -0.0553787 19.0   0.2085 -803.5659 -73.2754 56234.1 123.33641667 -5.71573056
-252.2072 87.4234 1537.05 1028.38 42783.0 2379.0 3.08222 0.108256 -0.140817 19.0   1.2376 -253.4444 87.4554 70794.6 123.48999722 -5.67112222
300.8426 -1343.1562 468.441 3924.54 42781.0 2508.0 16.7981 0.305003 0.373971 19.0   6.4172 296.9286 -1338.0709 186208.7 123.64368889 -6.0671
-364.2574 -769.7307 1789.16 2750.0 42549.0 2375.0 3.13865 -0.0564108 -0.165576 19.0   0.5889 -363.9475 -770.2315 49659.2 123.45910833 -5.90936389
-167.5675 457.3077 1355.23 286.574 40773.0 2573.0 3.10449 0.107243 0.0420182 18.0   1.8693 -168.094 455.5141 43651.6 123.51383056 -5.56888611
-886.478 -384.334 2828.17 1958.28 40706.0 2392.0 2.85367 0.0950043 -0.0941069 18.0   0.3257 -886.7451 -384.5204 51999.6 123.31315833 -5.80217778
-266.2212 -267.7922 1576.28 1742.84 40219.0 2377.0 2.96242 0.0936429 -0.131939 18.0   0.5570 -265.6782 -267.9162 47863.0 123.48656944 -5.76983611
-132.8102 -888.9026 1327.07 2996.97 39703.0 3345.0 4.09439 -0.252804 0.0490024 17.0   4.0431 -136.8521 -888.8037 628058.4 123.522525 -5.94230833
41.9069 522.9877 931.622 160.842 39426.0 3083.0 3.61331 0.0885218 0.0385277 17.0   4.1962 40.4286 519.0605 58344.5 123.57202778 -5.55123611
-629.7768 -711.0985 2321.7 2623.82 38822.0 2404.0 2.76926 -0.0204206 -0.0229656 17.0   0.5549 -629.4779 -711.566 57279.6 123.38496111 -5.89305
-300.7062 319.5172 1627.45 559.784 38814.0 2826.0 2.75739 0.0260862 -0.0572618 17.0   0.5252 -301.024 319.0991 45081.7 123.476725 -5.606775
-781.153 536.4292 2587.62 108.436 35990.0 2374.0 2.58618 -0.148857 -0.0838572 16.0   2.9956 -779.783 533.7652 51050.5 123.34311944 -5.54711111
-908.3193 -945.3182 2889.54 3086.62 34767.0 3691.0 2.33925 0.0437281 -0.0770116 15.0   0.1810 -908.142 -945.2816 38370.7 123.30711389 -5.95794167
-1490.3904 12.1846 4031.24 1141.66 32362.0 2841.0 3.30763 0.424455 0.0758412 14.0  25.8371 -1464.6052 13.8224 55975.8 123.15189444 -5.69143611
-431.2155 -259.0137 1908.06 1720.09 31748.0 2465.0 4.03818 -0.159894 -0.112882 14.0   4.5772 -426.6605 -258.5633 812830.5 123.441625 -5.76723056
-586.9739 -9.5093 2213.78 1213.15 31434.0 2566.0 2.53809 -0.198538 -0.184061 14.0   0.2579 -586.9962 -9.2524 43451.0 123.39688056 -5.69796667
-1098.3452 -460.5388 3256.92 2105.12 31311.0 2454.0 3.07936 0.0445162 0.0105805 14.0   2.6784 -1100.8322 -459.5443 94189.0 123.25337222 -5.82298889
-317.8764 -68.8171 1674.06 1340.8 31060.0 2531.0 3.15837 -0.124262 -0.236904 14.0   7.1922 -322.2325 -63.0942 1241652.3 123.47078889 -5.71293889
482.1572 -131.0985 65.9189 1490.79 30964.0 2467.0 2.35298 0.140211 -0.126985 14.0   3.1053 479.2407 -132.1648 48083.9 123.69453611 -5.73211667
-894.3453 -1364.521 2874.43 3930.72 30878.0 2393.0 2.46142 -0.227841 0.196001 14.0   3.5183 -893.3846 -1361.1364 40738.0 123.31118333 -6.07345833
-275.7102 -59.4713 1588.91 1323.29 30423.0 2536.0 2.21917 -0.00276381 -0.187778 13.0  11.4085 -264.481 -61.486 10617.0 123.48691111 -5.71249444
-895.094 134.304 2829.41 914.226 28477.0 2736.0 3.67583 0.100758 -0.00501272 12.0   0.7219 -894.4021 134.0979 73113.9 123.31108333 -5.65811667
-854.6661 396.4771 2739.91 387.833 27651.0 4263.0 3.73525 -0.170955 -0.0765105 11.0   0.8207 -854.0971 395.8857 66374.3 123.32236389 -5.58540278
-191.3249 -307.7179 1426.79 1825.5 27326.0 4470.0 4.04495 0.153597 0.0392098 11.0   2.9403 -188.398 -307.4377 383707.2 123.50814444 -5.78081667
-755.6136 -729.536 2575.52 2657.05 27032.0 2871.0 2.7641 0.108029 -0.222492 12.0   0.3164 -755.6609 -729.8488 39445.7 123.34972222 -5.89811667
-231.5592 -531.8703 1514.72 2275.38 26753.0 2553.0 4.72363 0.344568 -0.0244985 12.0   5.0697 -233.0933 -536.7023 628058.4 123.49565833 -5.8445
-151.7549 -269.8661 1345.98 1750.54 26036.0 4743.0 4.24337 0.125796 0.133697 10.0   1.7287 -150.1165 -269.3146 56754.5 123.51883333 -5.77022778
-1208.0706 -844.7466 3489.67 2874.98 25666.0 2696.0 3.27288 0.0209794 -0.0434067 11.0   2.3733 -1205.7178 -844.4355 57809.6 123.22402222 -5.92988611
-30.6238 530.7424 1077.35 143.001 23274.0 2725.0 2.97452 0.236187 0.000776371 10.0   3.6994 -32.9558 527.8706 54450.3 123.55154722 -5.54878889
-1327.4388 569.7631 3685.99 24.5212 22830.0 2523.0 1.61202 -0.265307 -0.182941 10.0  19.1587 -1336.8463 586.4531 12473.8 123.18766111 -5.53239722
-1427.6879 18.0039 3904.87 1131.88 22679.0 2770.0 3.0483 0.289146 -0.156834 10.0   3.5010 -1424.5554 16.4404 50815.9 123.163075 -5.69071667
303.2786 -16.9802 422.371 1255.61 22211.0 2603.0 1.68224 0.0185202 -0.086588 10.0   1.6317 301.9385 -17.9111 43853.1 123.64503333 -5.70038889
85.2609 216.2017 853.895 779.602 22051.0 2405.0 1.91025 -0.0735924 -0.228622 10.0   1.4412 84.4091 215.0392 38194.4 123.58430556 -5.63568611
-1047.3769 -1126.5372 3175.02 3447.05 21883.0 3495.0 4.46498 -0.0117329 -0.084601 9.0   2.9314 -1046.8752 -1123.649 68865.2 123.26834167 -6.00746944
-497.495 -501.9691 2048.99 2207.01 21051.0 2606.0 1.30165 0.000592512 -0.000858146 9.0  19.2873 -511.8028 -514.903 124165.2 123.41783611 -5.83843056
-512.0323 -751.4218 2085.99 2708.6 20374.0 2627.0 5.01428 0.193747 -0.000928478 9.0   3.7928 -512.13 -755.2133 467735.1 123.41772778 -5.90518333
376.2458 -185.2051 280.746 1596.42 20368.0 2526.0 3.23378 -0.0125444 0.167797 9.0   3.6931 372.846 -183.7628 110153.9 123.66483611 -5.74645556
-266.5957 -267.0278 1577.01 1741.29 20242.0 2500.0 3.0075 -0.269038 -0.1243 9.0   1.2771 -265.6782 -267.9162 47863.0 123.48656944 -5.76983611
277.3616 511.6639 458.119 190.885 19481.0 3729.0 1.11809 -0.000550427 0.111038 8.0  44.0881 237.3721 530.2274 29922.6 123.62699167 -5.54813056
-1197.2517 -1153.4616 3477.48 3496.62 18168.0 2448.0 2.68965 -0.637226 -0.1559 8.0  11.6039 -1204.5825 -1144.4666 15275.7 123.22428889 -6.01322778
-116.2105 69.5602 1263.91 1068.52 17797.0 2389.0 2.94817 0.149177 0.205672 8.0   0.4388 -115.7805 69.6477 42462.0 123.528425 -5.67607222
-666.2222 -1344.5378 2414.71 3897.53 17787.0 2594.0 4.20317 0.0471283 0.0726273 8.0   9.7918 -657.2029 -1340.7259 963829.0 123.37716111 -6.06781389
-128.993 -576.8183 1309.7 2369.0 16189.0 2531.0 1.03473 -0.0786041 0.000621185 7.0  39.9444 -155.7519 -606.475 38904.5 123.51725278 -5.86388333
-349.4356 14.0714 1735.0 1173.01 15829.0 2483.0 1.1194 -0.000625259 0.246839 7.0  36.0385 -366.7496 45.6784 13740.4 123.45836667 -5.68272222
-7.6362 265.2086 1039.33 678.111 15638.0 2599.0 1.81787 0.217924 -0.280399 7.0   1.3399 -8.3108 264.0509 43651.6 123.558425 -5.62207222
-928.9332 98.9214 2898.61 984.393 15471.0 2405.0 2.90611 0.00135695 -0.403149 7.0   0.9095 -928.1309 98.493 36812.9 123.30166389 -5.66800278
506.6817 -500.8095 28.0396 2235.61 14278.0 2809.0 4.26431 -0.380393 0.13834 6.0   3.4129 504.3041 -498.3611 152054.8 123.70155833 -5.83383611
-269.7011 84.0948 1572.36 1034.54 14196.0 2635.0 2.45882 -0.812474 0.142481 6.0  16.6004 -253.4444 87.4554 70794.6 123.48999722 -5.67112222
-172.1368 599.5539 1360.01 0.154685 14022.0 2541.0 1.76004 0.851415 -0.0010906 6.0   2.2131 -173.2015 597.6137 89949.8 123.51240833 -5.52941389
-153.0348 -192.6854 1346.16 1595.17 13970.0 2557.0 0.922299 0.0152788 0.143437 6.0  31.6259 -163.1041 -222.6655 24547.1 123.51520833 -5.75726944
-175.1971 -138.8299 1389.09 1486.1 13765.0 2659.0 4.0976 0.0860337 -0.288033 6.0   2.3669 -172.9612 -139.6063 69502.4 123.51245833 -5.73419722
7.6474 -542.6731 1033.65 2304.49 13678.0 2457.0 3.54551 0.859077 -0.0403008 6.0  10.1669 17.6667 -544.3992 27289.8 123.56567778 -5.84664167
-1040.5322 113.5477 3122.75 951.519 13417.0 2465.0 5.81945 0.670346 0.0682765 6.0   0.6221 -1040.735 112.9596 34994.5 123.27023333 -5.66396944
-297.0476 -1028.4164 1661.93 3272.69 13384.0 2498.0 3.40552 0.272585 -0.315573 6.0   5.8821 -301.0451 -1024.1014 891250.9 123.47666389 -5.97988611
